1.69309598192 -0.20051475925 0.55
1.6956691638 -0.200341226052 0.55
1.70161983659 -0.199807593733 0.55
1.7082265199 -0.198851565762 0.55
1.71409385447 -0.197329842226 0.55
1.71861277552 -0.195004172476 0.550010594572
1.72165465346 -0.191512640021 0.550036165396
1.72343727738 -0.186334724236 0.55
1.72447107282 -0.178717943053 0.550794572291
1.72563869005 -0.167587958357 0.5553692363
1.7284738842 -0.151529004284 0.567602251999
1.73555622946 -0.128551558525 0.591106791443
1.74182960054 -0.10603640606 0.615788838461
1.74309598192 -0.0917368471945 0.630721520301
1.74309598192 -0.084044174884 0.637873200517
1.74309598192 -0.081081260061 0.64
1.74309598192 -0.0805147592504 0.64
1.74309598192 -0.0805147592504 0.639604242885
1.74309598192 -0.0805147592504 0.639329100404
1.74309598192 -0.0805147592504 0.639194716114
1.74309598192 -0.0805147592504 0.639202145828
1.74309598192 -0.0805147592504 0.639333212607
1.74309598192 -0.0805147592504 0.639550552105
1.74309598192 -0.0805596614811 0.639816296317
1.74309598192 -0.0805147592504 0.64
1.74309598192 -0.0806327739224 0.64
1.74309598192 -0.0823751707254 0.639315367787
1.7430607018 -0.0875336272008 0.636143048425
1.74309598192 -0.0976095735499 0.627678760396
1.74262148334 -0.113897189453 0.611414659591
1.73896824534 -0.13728654042 0.586084956396
1.73777975323 -0.158989812797 0.563769360839
1.74094797954 -0.172229393527 0.553423138602
1.74264518604 -0.180409954655 0.55
1.74309598192 -0.185324576891 0.55
1.74309598192 -0.18823418272 0.550610628853
1.74309598192 -0.189936543188 0.550924716811
1.74309598192 -0.190901591743 0.551052643466
1.74309598192 -0.191424238217 0.551081371544
1.74309598192 -0.191679099331 0.551073449722
1.74309019119 -0.191754040764 0.551068519487
