1.14309598192 -0.394203337349 0.550072498728
1.1460369892 -0.394287504421 0.550035302607
1.15288892111 -0.394348453405 0.55
1.16063288455 -0.394072332965 0.55
1.1677206504 -0.393231409272 0.550000125501
1.17340457843 -0.391598665106 0.550026938977
1.17734786087 -0.388893403782 0.55
1.17936857578 -0.384731147843 0.55
1.17925740809 -0.378560510251 0.551330387959
1.17666638005 -0.369589838048 0.556832165378
1.17105492078 -0.356739348999 0.569885733348
1.1616292427 -0.338601155159 0.59371710773
1.15199981242 -0.320731890866 0.617778804156
1.14557675972 -0.308460754166 0.631538673807
1.14125170002 -0.300063859477 0.638006225821
1.13828491745 -0.294334208919 0.64
1.13626068867 -0.290427996175 0.64
1.13496858519 -0.287876197813 0.639546543087
1.13421872948 -0.286387071105 0.63912212736
1.13385764741 -0.28568785232 0.638798058568
1.13380372523 -0.285624208236 0.638621618781
1.1340314937 -0.286139764241 0.638616903003
1.13456545041 -0.287263786319 0.638785499239
1.13548039097 -0.289106424402 0.639105885376
1.13691104305 -0.291866518129 0.639533497221
1.13906671592 -0.295822623006 0.64
1.14224516978 -0.301265532732 0.64
1.14687163665 -0.308643187576 0.637956042762
1.15354898724 -0.318664157 0.631400118334
1.16299422635 -0.332215321267 0.617586606825
1.17624293871 -0.350428792514 0.593647361774
1.18757276275 -0.367792180412 0.569956295539
1.19212878411 -0.379300669433 0.55692274633
1.19309598192 -0.386906816003 0.551401831646
1.19309598192 -0.391972237164 0.55
1.19309598192 -0.395405353472 0.55
1.19309598192 -0.397684445694 0.550106497287
1.19309598192 -0.399103436473 0.55010092065
1.19309598192 -0.399943041681 0.550055002739
1.19309598192 -0.400380623552 0.550014604876
1.19309598192 -0.40051475925 0.55
