1.74309019119 -0.191754040764 0.551068519487
1.74632367524 -0.192286107101 0.550778588109
1.75401637336 -0.193637897069 0.550263570042
1.76314726798 -0.195592293253 0.55
1.77231117003 -0.198168965356 0.55
1.7810556604 -0.201442729916 0.550055427838
1.78948953019 -0.20566533228 0.55
1.79808490393 -0.211265110337 0.55
1.80760741858 -0.218739838492 0.551454983013
1.81914442295 -0.22885567912 0.557215285938
1.83418508498 -0.242823175046 0.570555822667
1.85471609806 -0.262185663842 0.594519597726
1.87382574711 -0.281124426324 0.618393728675
1.88494347823 -0.294026589053 0.631811975751
1.89059158617 -0.30264506362 0.638069606058
1.89270345604 -0.308077534715 0.64
1.89309019119 -0.310903553853 0.64
1.89309019119 -0.311754040764 0.639615063513
1.89309019119 -0.311754040764 0.639295592762
1.89309019119 -0.311728327123 0.639027986851
1.89309019119 -0.311754040764 0.638890010917
1.89309019119 -0.311739420657 0.638936118427
1.89309019119 -0.311754040764 0.639116372578
1.89309019119 -0.311754040764 0.639343412629
1.89309019119 -0.311107126171 0.639621673751
1.89309019119 -0.308771718865 0.64
1.89274403838 -0.30397130087 0.639916171354
1.89101021841 -0.296373437709 0.637663982595
1.88664305984 -0.285608870436 0.630834025469
1.87848398631 -0.270925634909 0.616781346177
1.86520355296 -0.251185816636 0.592603825166
1.85478187221 -0.232463780313 0.568893402783
1.85121974391 -0.220199031873 0.556181348894
1.84935400089 -0.212175982875 0.551098994207
1.84845520682 -0.206928808141 0.55
1.84808396621 -0.203563253593 0.55
1.84798094362 -0.20146618793 0.550009488853
1.84799561352 -0.200192897126 0.550000354449
1.84804445155 -0.199455941107 0.55
1.84808458407 -0.199077687697 0.550000264986
1.84809899479 -0.198962225937 0.55
