1.193 -0.4 0.62
1.18759521284 -0.400118421161 0.614960431865
1.17535054688 -0.400508288864 0.602571723578
1.16243328983 -0.401267748711 0.587612669939
1.15208808713 -0.402563401659 0.573436390268
1.14564844395 -0.404663218904 0.562045589178
1.143 -0.407973726298 0.554335910216
1.143 -0.413089645121 0.550387394789
1.14456441481 -0.420863939685 0.55
1.14711519043 -0.432535311666 0.55436192932
1.1491091642 -0.449901575439 0.566843780642
1.14634775975 -0.47527421552 0.59064065828
1.143 -0.499456116842 0.615687830033
1.143 -0.513060225685 0.630834112709
1.14302674756 -0.518740371157 0.637828367307
1.143 -0.52 0.64
1.143 -0.52 0.64
1.143 -0.52 0.639493676449
1.143 -0.52 0.639092141244
1.143 -0.52 0.638826987797
1.143 -0.52 0.63871502574
1.143 -0.52 0.638758236604
1.143 -0.52 0.638943834619
1.143 -0.519974244019 0.639257783129
1.143 -0.52 0.639615939212
1.143 -0.52 0.64
1.143 -0.518570098745 0.64
1.143 -0.513198294152 0.637407404651
1.143 -0.501682198821 0.628279665549
1.14549049828 -0.482928578807 0.610371465211
1.15647596329 -0.456698926712 0.584209212542
1.1667541323 -0.432324989878 0.561960429984
1.16692919565 -0.417152916076 0.552417648889
1.16234289711 -0.407761001855 0.55
1.1562444076 -0.402024577623 0.55
1.15055736171 -0.398622669193 0.550100699943
1.14631601146 -0.396621353066 0.550042885393
1.14386788085 -0.395434806966 0.55
1.143 -0.394723311739 0.550009170249
1.143 -0.394329754797 0.550049983135
1.14309598192 -0.394203337349 0.550072498728
