0.154735147179 -0.00214090276508 0.550001017445
0.154432892701 -0.00222800299284 0.550000020461
0.153665898525 -0.00259634116184 0.550000004144
0.152629205515 -0.00343755087063 0.550000014234
0.151375020728 -0.00493556521165 0.550000004452
0.149851775644 -0.00732877606949 0.550000013364
0.147921921032 -0.0109138081905 0.550000004701
0.145364001977 -0.0160132604387 0.550000007792
0.14185079941 -0.0231500691221 0.550130325357
0.137003501936 -0.0331224362267 0.55
0.130324838578 -0.0469835822264 0.55
0.120882736617 -0.066318740543 0.555263947813
0.11209620404 -0.0854647138027 0.560192394263
0.107312354071 -0.098760526629 0.558088245678
0.105251594734 -0.10789777518 0.554066224134
0.104735147179 -0.114053307693 0.551069461371
0.104735147179 -0.117996857294 0.550000039622
0.104744881251 -0.120340580691 0.55
0.104735151087 -0.121606421993 0.550024072597
0.10473516062 -0.122140859855 0.550000002029
0.104735153043 -0.122117737504 0.550000011887
0.10473515806 -0.121560151372 0.550000009478
0.10475758399 -0.120390242144 0.550000002613
0.104735147179 -0.11841175137 0.55002579418
0.104736172017 -0.115385213685 0.55
0.105398136965 -0.111161292334 0.550000030423
0.107628495406 -0.105490780972 0.551083207557
0.11227596809 -0.0978382430694 0.554104888579
0.120234188273 -0.0873931451346 0.558143360153
0.132533417868 -0.0730881002146 0.560238777916
0.150371618573 -0.0536380150532 0.555293556749
0.167682588302 -0.03509331976 0.55
0.179091207104 -0.0227989938788 0.55
0.186705518915 -0.0145465952504 0.550143131985
0.191808337844 -0.00899144794655 0.550000009017
0.19525512408 -0.00521823398056 0.550000003807
0.197529939951 -0.0027085781 0.550000015671
0.198938757949 -0.00114335427313 0.550000003813
0.199766924487 -0.000215893105888 0.550000015781
0.200196077035 0.000268259500044 0.550000003819
0.200327914315 0.000417730836829 0.550000043974
