0.246189422619 0.000335119942758 0.550000050517
0.256914385477 0.00132761627269 0.55
0.281356000337 0.00349544855311 0.55
0.307877989321 0.00576958565261 0.55
0.331088865858 0.00774851452951 0.55
0.349187267077 0.00932168183379 0.550000017692
0.362125742557 0.0106720516961 0.55
0.370686939215 0.0122050300713 0.550000027632
0.376042428922 0.0145403202425 0.55
0.379645618101 0.0185534794789 0.550027724612
0.383329706013 0.0254478651053 0.55
0.389668976716 0.0368304809708 0.55
0.395036720505 0.04886232496 0.55
0.396189422619 0.0570620921078 0.55
0.396189422619 0.0620732411655 0.55
0.396189422619 0.0648088189778 0.55
0.396189422619 0.0661926689253 0.55
0.396189422619 0.0668104282687 0.55
0.396189422619 0.0670172589152 0.55
0.396189422619 0.0670164147509 0.55
0.396189422619 0.0669085892234 0.55
0.396189422619 0.0667217696794 0.55
0.396189422619 0.0664237263371 0.55
0.396189422619 0.0659209224448 0.55
0.396189422619 0.0650442532088 0.55
0.396189422619 0.063520948704 0.55
0.396182186201 0.0609376884031 0.55
0.396189422619 0.0566633056439 0.55
0.396189422619 0.0498227958271 0.55
0.394978287488 0.0397265794733 0.55
0.390188721726 0.0258524613001 0.55
0.386319444419 0.0125230588048 0.55
0.386635532836 0.00426170619091 0.550025864338
0.388119597975 -1.50765702246e-05 0.55
0.389929102255 -0.00193929520579 0.550000045326
0.391659351455 -0.00257125500026 0.55
0.393154161385 -0.00256916750654 0.5500000588
0.394373930337 -0.00232060072826 0.55
0.395314936667 -0.00203962140175 0.550000057654
0.395952530484 -0.00183495963983 0.55
0.396189422619 -0.00176045828826 0.550000577503
