0.200327914315 0.000417730836829 0.550000043974
0.200231926602 0.000190431151096 0.550000042185
0.200026617255 -0.000488996247631 0.550000000893
0.199919220968 -0.00166128430317 0.550000041005
0.200075712683 -0.0034591532728 0.550000000876
0.200606787719 -0.006114007341 0.550000040955
0.201693614037 -0.00997347060947 0.55000000084
0.203623227076 -0.0155279890973 0.550000018548
0.20683911668 -0.0233163314586 0.55018144467
0.212004730596 -0.0340858587736 0.55
0.220123868818 -0.0490305803639 0.55
0.232803014579 -0.0699635770859 0.556251771498
0.244304498784 -0.0906723137363 0.562418869541
0.249199676964 -0.104731800371 0.560684320764
0.250327914315 -0.113543969302 0.556367608045
0.250327914315 -0.118057750573 0.552497028975
0.250325852879 -0.119504172488 0.550462788062
0.250327914315 -0.119582269163 0.55
0.250327810218 -0.119543917848 0.550000015928
0.250327914315 -0.119582269047 0.550000003574
0.250327906792 -0.119582269163 0.550000014533
0.250327914315 -0.119582269163 0.550000004928
0.250327883363 -0.119556107575 0.550000009574
0.250327914315 -0.119582269163 0.550000010341
0.25032524081 -0.119523242001 0.55
0.250327914315 -0.118420589242 0.550533623445
0.250325375231 -0.114997901885 0.55272295621
0.250327914315 -0.108145372251 0.556741991255
0.249864410233 -0.0969289094238 0.561014965862
0.247264524846 -0.0807207184948 0.562476848132
0.240563387493 -0.0588018985232 0.556172492187
0.236432813771 -0.0382766985629 0.55
0.237723493987 -0.0248659445897 0.55
0.239509861746 -0.0158176080129 0.550156756433
0.241305881872 -0.00967050243045 0.550000011466
0.24287681408 -0.00557010414351 0.550000002619
0.244140929936 -0.00294374936833 0.550000020252
0.245081754115 -0.00130456738877 0.550000002682
0.245716697034 -0.000331322996106 0.550000020265
0.246075259815 0.00017773915663 0.550000002704
0.246189422619 0.000335119942758 0.550000050517
