0.143 0.0 0.62
0.14077337698 0.000176931827741 0.612552571461
0.135634306978 0.000722939034825 0.595226946602
0.129926232699 0.0017082389912 0.576475222068
0.124811066645 0.00329027170522 0.561621602526
0.120739592946 0.00572969183864 0.552980092205
0.117725312352 0.00940622631958 0.550000011048
0.11550434208 0.0148366409852 0.55
0.113621504746 0.0227230123381 0.550455615539
0.111376231728 0.0338833629268 0.55
0.107662483595 0.0495553343792 0.55
0.100654823521 0.071898240645 0.558030087006
0.0945385143986 0.094089627621 0.566812129224
0.093 0.10859771483 0.566414605215
0.093 0.116546781252 0.561695657183
0.0930182499067 0.119516379023 0.556145861121
0.093 0.12 0.552130549695
0.0930000099524 0.119994765671 0.550335071363
0.093 0.12 0.55
0.093 0.12 0.550000140709
0.093 0.12 0.55000000332
0.093 0.12 0.550000020197
0.093 0.119997016466 0.55000000905
0.093 0.12 0.55000000042
0.093 0.12 0.550346894608
0.0930209876749 0.119100892921 0.552096577147
0.093 0.115460430403 0.55565646931
0.093524060699 0.107613383992 0.560176668422
0.0969172212469 0.0951581360455 0.564301376513
0.105996208886 0.077816806162 0.565193234025
0.12291251869 0.054715332304 0.557373869279
0.139431107234 0.0333051213117 0.55
0.148344159511 0.0197026056552 0.55
0.152847416332 0.0109407311287 0.55022222019
0.154848010093 0.00539096210513 0.550000071421
0.155505840097 0.00202050295723 0.550000000537
0.155510185278 2.5859895507e-05 0.550001030106
0.155263238085 -0.00111723294984 0.550000000835
0.154988803247 -0.00174208855856 0.550000451839
0.15479965087 -0.00204890388279 0.550000000652
0.154735147179 -0.00214090276508 0.550001017445
