0.0 0.0 0.0
-0.00604466354096 -0.00174188232756 -1.99382466695e-05
-0.00929441451238 -0.00562392621363 1.96037965813e-05
-0.0114390627515 -0.0111992759871 -1.93965389887e-05
-0.01364432175 -0.0187599439645 1.91965982649e-05
-0.0168202139107 -0.0291030824963 -1.90148869419e-05
-0.0217763709597 -0.0425961787631 1.88385810422e-05
-0.0293812568029 -0.0593912013061 -1.87738523192e-05
-0.0408820784624 -0.0833434809158 0.00262496078438
-0.056062648409 -0.116101222944 -0.00523095158314
-0.0775089896249 -0.16111827735 0.00523019331419
-0.111331369845 -0.225581687432 0.100044133843
-0.0644031108283 -0.157343345697 -0.00146692195949
-0.0312771520248 -0.108577715066 -0.0406121932312
-0.00994260885764 -0.0741746320457 -0.0398284056342
-0.00038958246137 -0.0489444782193 -0.0201134601164
0.000389183309338 -0.0299358319685 -0.00128420526367
-0.000194009461669 -0.0169483708135 0.00128141599956
-8.19800926881e-07 -0.00837831803344 -0.000797498270626
1.0131252332e-06 -0.00232027823072 0.000314282435786
-1.16595355661e-06 0.00277287558706 -0.00031287025256
1.26593700861e-06 0.0083689833549 0.000311719214095
0.000447127417056 0.0150272969841 -0.000311678489867
-0.00089462027479 0.0245327272658 0.000826336438264
0.000913696868344 0.0359884163861 -0.00134047195428
0.0123211916422 0.0484851627803 0.00134011262102
0.0322809917711 0.0649209567949 0.02031868731
0.0606614595118 0.088124075313 0.0401100491289
0.0984960852541 0.120771964552 0.0406592828708
0.147481986116 0.165323003641 0.00125431771623
0.20927783838 0.223674743502 -0.100151865959
0.136946027599 0.147223888452 -0.00572517190409
0.0912296359556 0.0986661210773 0.00572429284574
0.061059004323 0.0663844238094 -0.00286084788324
0.0409991653356 0.0447204565981 -1.86642840413e-06
0.0279379564375 0.0307453176973 1.7612838493e-06
0.0175594695416 0.0194490071743 -1.52311404318e-06
0.0106178096021 0.0118564746549 1.28496536462e-06
0.00594631257312 0.00669362323945 -1.04444940807e-06
0.00263745045144 0.00299022572849 8.0388596026e-07
0.0 0.0 0.0
