0.0 0.0 0.0
-0.00191969673635 -0.00454585757866 -3.5753818195e-08
-0.00218644283699 -0.0090418906224 -7.89551353877e-07
3.81734179728e-05 -0.0144030417964 1.59093230403e-06
0.0030913755222 -0.0215536692177 -2.39288641906e-06
0.00752964879236 -0.0315423398828 3.1934282677e-06
0.0142062690117 -0.0456456399151 -3.99468076159e-06
0.0243851703867 -0.0654431332631 4.34781466767e-06
0.0399317072832 -0.0903222505519 0.00362396185336
0.0633787803657 -0.125065642268 -0.0072521547079
0.0990014289892 -0.173825292108 0.00725118938428
0.154577891771 -0.244830049969 0.117777147206
0.0754580126301 -0.169350617118 0.00557363496943
0.0224524348333 -0.111846583611 -0.0402586582333
0.00011661837383 -0.0644056123419 -0.046074515166
-0.00011656569519 -0.0258796178438 -0.0313407393605
7.5105549792e-05 -0.00305850250899 -0.00935340652736
-3.34974434066e-05 0.00148770713595 7.95306083169e-05
3.10460566742e-05 -0.000713892369005 -7.87023771634e-05
-2.82554192021e-05 -5.94825756281e-05 7.6955004844e-05
2.55185018745e-05 5.39519634828e-05 -6.95412438388e-05
-2.2859652463e-05 -4.86109447068e-05 6.23953164627e-05
2.16777254491e-05 0.000565551322468 -6.10388775776e-05
-2.0753270781e-05 -0.00108236359451 6.0572278282e-05
-3.28485327249e-05 0.00225629237093 -6.05661597551e-05
8.64212845479e-05 0.0197902742797 0.0107290714527
-0.000137272770907 0.0486536442512 0.0330499844571
0.000188139347013 0.0883872393883 0.0473272284934
-0.00945704861097 0.135935422413 0.0381335387147
-0.0425355633689 0.188220342072 -0.00888864992781
-0.0914818951285 0.250149366176 -0.117186767789
0.00886458934532 0.160359850892 -0.00626959842745
0.0169484238811 0.10785906762 0.00626863404256
0.0187787854113 0.0731104333448 -0.00313263172116
0.017141761125 0.0498337263242 -2.54300098608e-06
0.0142771362594 0.0321758002964 2.36560504816e-06
0.0110055222514 0.0203525290042 -2.01245143943e-06
0.00781137474511 0.0124321357429 1.66052182703e-06
0.00488796495327 0.00703364097002 -1.3083089314e-06
0.00228383151264 0.00314840902423 9.56542791181e-07
0.0 0.0 0.0
