0.0 0.0 0.0
-0.0445314953711 0.0035385599212 -0.148945343007
-0.0582471931193 0.00738082446477 -0.197557543764
-0.0559146894028 0.0123243332667 -0.177480363559
-0.0463898762192 0.0193154074206 -0.119599590233
-0.0350407608153 0.0294719542991 -0.053237417029
-0.0252456886186 0.0440574880182 -0.00636821387546
-0.0191741765521 0.0645492535686 0.00636699269476
-0.0184826182948 0.0931761803471 0.00274560629064
-0.0264222777164 0.130028211748 -0.0118570105889
-0.0478512847512 0.183407729318 0.0118555880549
-0.0922993866112 0.263445839922 0.148738365167
-0.0300310303611 0.180387547917 0.0269107640683
-0.0007425705674 0.109781780015 -0.0348546102152
0.000742330635138 0.0492088856741 -0.0595205487278
-0.000376871391102 0.0101929217211 -0.0514774046653
1.13655366233e-05 -0.000511466717921 -0.0288475714138
-1.09293996957e-05 0.00040482890046 -0.00710320009093
1.04750092102e-05 -0.00029758311375 0.000375247861807
-1.01371633161e-05 0.000291450777457 -0.0003641056721
9.81542565187e-06 -0.000285378732738 0.000353476321368
-9.54425660323e-06 0.000279365147664 -0.00034547295124
9.29634652266e-06 -0.000332969112543 0.000338461362864
-9.08881982765e-06 0.000386497230049 -0.000333089755139
8.95491352155e-06 -0.000383780765175 0.00724514745526
0.000410815608492 -0.0175916764427 0.0277403880782
-0.000830422651231 -0.0552075753789 0.0434532792778
0.0113100695585 -0.101726645455 0.0469501991274
0.056547000296 -0.147372116799 0.0355455112699
0.12502607023 -0.199449398981 -0.0177031647069
0.213293529439 -0.262575360524 -0.138675089551
0.117082866415 -0.165633519316 -0.00880858477712
0.0611813411286 -0.106420143055 0.00880750451137
0.0288858051002 -0.0688196890562 -0.00436215250185
0.0111271818393 -0.0421773588855 -8.10881318007e-05
0.00203007558357 -0.0252330482525 7.96544543919e-05
-0.00194281342742 -0.0146607667595 -5.90457838989e-05
-0.00299603674752 -0.00820166469622 3.84490772704e-05
-0.00249277203229 -0.00429631683464 -2.94060929791e-05
-0.00129072290377 -0.00184090283406 2.03527246269e-05
0.0 0.0 0.0
