0.0 0.0 0.0
0.214497878433 0.0198497990086 -1.03799941607e-06
0.274322477549 0.0235061167824 8.69534497026e-07
0.25612809296 0.0219775317756 -7.28475991231e-07
0.208101313338 0.0176021276285 5.87005710498e-07
0.153882720714 0.0138623226727 -3.89708085069e-08
0.104913382588 0.013145463657 -5.03668191765e-07
0.066323320086 0.0175126591089 1.24600678081e-06
0.0407902856229 0.0291914011246 -1.99131387248e-06
0.0312741120145 0.051070371532 0.000556642843995
0.0424069323375 0.0868150486953 -0.00111122390744
0.0843762600061 0.140834408992 0.00111111188547
0.0229841328797 0.0998061578587 -0.00111090258548
7.3104890664e-05 0.0641938545337 0.00111059730901
-7.3106271028e-05 0.0360343916479 -0.00111017201545
7.30745458077e-05 0.0186827743541 0.00110944484594
-7.30088441024e-05 0.00899994750014 -0.00110812743745
7.28822627419e-05 0.00336102704249 0.00110584898847
-7.2594467331e-05 0.000781265651558 -0.00110098957555
7.21166636535e-05 -0.000792580554789 0.00109322429961
-7.12959814828e-05 -0.00136049126526 -0.00108007889138
7.08148860699e-05 -0.00237214957588 0.00107210300407
-7.04372211497e-05 -0.0035849063643 -0.00106538764017
7.02272842832e-05 -0.00646550405644 0.00106120556171
-7.01629045319e-05 -0.0110621601165 -0.00105856757829
7.01785072743e-05 -0.019398210433 0.00105711651806
-0.000214964905347 -0.0322613198236 -0.00105618453
0.000359729064404 -0.0532208145032 0.00105562922589
-0.000359608928859 -0.0835841462874 -0.00105526670842
-0.0238609817956 -0.118336786603 0.00105506277478
-0.0719257374527 -0.159141675077 -0.00105484807589
-0.00546348234954 -0.107449232112 0.00105471280277
0.0117846198516 -0.0577796369108 -0.000537171077269
0.0178964484659 -0.0277571694595 1.96660319585e-05
0.0182936234522 -0.01072779401 -1.85615233483e-05
0.0163115736508 -0.00191235203163 1.74515634313e-05
0.0135853162736 0.00195312258904 -1.60619912216e-05
0.0108125247036 0.00301726079881 1.46295823061e-05
0.00801381917564 0.00260322310328 -1.31479530924e-05
0.00474076257827 0.00149092504798 1.17587697234e-05
0.0 0.0 0.0
