0.258 -0.2 0.63
0.257557552678 -0.200206071163 0.622205348351
0.256490170819 -0.200828701928 0.603778235947
0.255179337643 -0.201920589483 0.583185762112
0.253774972583 -0.203626217645 0.566022714499
0.252264983602 -0.206195043008 0.555116931804
0.250509664235 -0.209991094104 0.55060816515
0.248253444656 -0.215460470911 0.55
0.245115222605 -0.223099811194 0.550278398596
0.240536970286 -0.233657732789 0.55
0.23366898781 -0.248294703764 0.55
0.223126655745 -0.268742074525 0.555940343808
0.213487838099 -0.289060477117 0.561679632783
0.209152116843 -0.30312510521 0.559829950643
0.208 -0.312319656593 0.55564706714
0.208 -0.317485242547 0.552090202507
0.208019993945 -0.31956911089 0.550340298904
0.208 -0.32 0.55
0.208 -0.32 0.550000010673
0.208 -0.319999994027 0.55
0.208 -0.32 0.55
0.208 -0.319988794296 0.550000002022
0.208 -0.32 0.55
0.20800004279 -0.319850340239 0.550007969039
0.208 -0.318768330943 0.55
0.208 -0.315745810952 0.550099105806
0.20872863617 -0.310219834554 0.551393180179
0.211797122451 -0.301978449175 0.55474201947
0.218876569001 -0.290593716093 0.559085332681
0.231494058624 -0.275208852085 0.56122418006
0.251270373259 -0.254654303283 0.555764434348
0.270673725503 -0.235239143255 0.55
0.282904711554 -0.222432655642 0.55
0.290556263585 -0.21388056391 0.550160438767
0.295270748915 -0.208146824156 0.550000000496
0.298112069018 -0.204360214325 0.55
0.299786560275 -0.201957659753 0.550000005519
0.300744504399 -0.200486200099 0.55
0.30126775398 -0.19962802867 0.550000005634
0.301524265355 -0.199185218817 0.55
0.301600805308 -0.199049601891 0.550000021908
