0.85021964658 -0.000421628295363 0.550000041622
0.85012295997 -0.000608967644227 0.550000051752
0.849930763677 -0.00119594057361 0.550000000879
0.84984761797 -0.00226563009367 0.55000004166
0.850022009722 -0.00397334228545 0.550000000857
0.850565453487 -0.00656179161184 0.550000042187
0.851659866628 -0.0103838084678 0.550000000825
0.853592759508 -0.0158926072704 0.55000001857
0.856807747707 -0.023628722615 0.550181393486
0.861968060158 -0.0343775907179 0.55
0.87007679773 -0.0493293890597 0.55
0.88273883955 -0.0702954879135 0.556248242309
0.89422037843 -0.0910605234935 0.562413955399
0.899099318018 -0.105197001749 0.560685481468
0.90021964658 -0.114104305209 0.556374695149
0.90021964658 -0.118725163769 0.552504662235
0.900218185093 -0.120276498738 0.550466137671
0.90021964658 -0.120421628295 0.55
0.900219486413 -0.120392121255 0.550000015135
0.90021964658 -0.120421628295 0.550000003938
0.900219633568 -0.120421624522 0.550000013496
0.90021964658 -0.120421628295 0.550000005216
0.900219611195 -0.120404467764 0.55000000965
0.90021964658 -0.120421628295 0.550000009788
0.900217402075 -0.120293939312 0.55
0.90021964658 -0.119081827443 0.550535344271
0.900215118962 -0.115545311177 0.552726904251
0.90021964658 -0.108589249267 0.556745358951
0.899767601869 -0.0972829660348 0.561014165661
0.897186439889 -0.0809994844286 0.562472073501
0.890506829132 -0.0590191779606 0.556169571705
0.886393785994 -0.0384443238581 0.55
0.887695630611 -0.0249938969252 0.55
0.889490038327 -0.0159141414437 0.550156744855
0.891291791756 -0.00974283312192 0.550000011451
0.892866738387 -0.00562435412739 0.550000002623
0.894133608929 -0.00298494589534 0.550000020234
0.895076261841 -0.00133676250999 0.550000002686
0.895712345054 -0.000357752115821 0.550000020251
0.896071522403 0.000154462385303 0.550000002708
0.896185877426 0.000312831981142 0.550000050603
