0.301600805308 -0.199049601891 0.550000021908
0.301451617971 -0.198882295965 0.55000001227
0.301038460649 -0.19834502913 0.550000005041
0.300394124666 -0.197341642873 0.550000012195
0.299484467869 -0.195716442616 0.550000005041
0.298214730279 -0.193237246164 0.550000012119
0.296425755579 -0.189582797977 0.550000005041
0.293885963091 -0.184432099325 0.550000007536
0.290327035378 -0.177292523265 0.550130073075
0.285433989139 -0.167367522853 0.55
0.278646044225 -0.153604504989 0.55
0.268968975483 -0.134424586183 0.555242500826
0.259857529918 -0.115466806946 0.560145257446
0.254707587204 -0.102353123518 0.558038562285
0.252302774756 -0.0933658380286 0.55402639836
0.251600838317 -0.087273651883 0.551050518524
0.251600805308 -0.0832991417854 0.550000033464
0.251626838526 -0.0809050864635 0.55
0.251600829821 -0.0796030898285 0.550020751122
0.251600811316 -0.0790497365416 0.550000001934
0.251600826815 -0.0790914365313 0.550000011755
0.251600817384 -0.0796923628361 0.550000009937
0.251600816939 -0.0809182402366 0.550000002513
0.251600805308 -0.0829240767003 0.550023595606
0.25182859137 -0.085879499881 0.55
0.252896960063 -0.0899451536651 0.55000003084
0.25557508012 -0.0954267049098 0.551074159319
0.260636044527 -0.102891397457 0.554082362579
0.268944369147 -0.113164937223 0.558109538933
0.281526476867 -0.127318590679 0.56020425734
0.299588264348 -0.146635428087 0.555277312501
0.317072325558 -0.165078189642 0.55
0.328611549913 -0.177308305474 0.55
0.336320302435 -0.185519800798 0.550142545825
0.341485031309 -0.191049198104 0.550000008928
0.34497917611 -0.194807161819 0.550000003856
0.347310624371 -0.197307678901 0.550000015412
0.34877318232 -0.198866960966 0.550000003863
0.349635194163 -0.199790960619 0.55000001566
0.350082509423 -0.20027316366 0.550000003861
0.35021964658 -0.200421628295 0.550000041622
