0.896185877426 0.000312831981142 0.550000050603
0.906911151013 0.00130701562268 0.55
0.931353583216 0.00347869718209 0.55
0.957876298308 0.00575701474346 0.55
0.981087828577 0.00773963731544 0.55
0.999186658461 0.00931572520766 0.550000017674
1.01212389337 0.0106682301677 0.55
1.02068523168 0.0122027267619 0.550000027587
1.02604061724 0.014539050105 0.55
1.0296434678 0.0185529343521 0.550027729397
1.03332708508 0.0254478969565 0.55
1.03966593632 0.0368311000694 0.55
1.04503334501 0.0488634789426 0.55
1.04618587743 0.0570635368583 0.55
1.04618587743 0.062074787006 0.55
1.04618587743 0.0648104096222 0.55
1.04618587743 0.0661942739912 0.55
1.04618587743 0.0668120329592 0.55
1.04618587743 0.0670188571665 0.55
1.04618587743 0.0670180050913 0.55
1.04618587743 0.0669101722052 0.55
1.04618587743 0.0667233465125 0.55
1.04618587743 0.066425297545 0.55
1.04618587743 0.0659224868434 0.55
1.04618587743 0.0650458066953 0.55
1.04618587743 0.0635224822817 0.55
1.04617865697 0.06093917719 0.55
1.04618587743 0.0566647387401 0.55
1.04618587743 0.0498241192144 0.55
1.04497493773 0.0397276146974 0.55
1.04018568093 0.0258530447418 0.55
1.03631683054 0.0125232836883 0.55
1.036633408 0.00426176648613 0.550025868465
1.03811781296 -1.50958339788e-05 0.55
1.03992747313 -0.00193934588518 0.550000045336
1.0416576829 -0.00257131213957 0.55
1.04315226201 -0.00256921999336 0.55000005883
1.04437163002 -0.00232064520492 0.55
1.04531211695 -0.00203965982703 0.550000057701
1.04594921081 -0.00183499449112 0.55
1.04618587743 -0.00176049239848 0.550000576222
