0.0 0.0 0.0
0.21450399184 0.0198835356505 -1.03986456687e-06
0.274330501147 0.0235492284702 8.71561357245e-07
0.256135892521 0.022018140274 -7.30744410357e-07
0.208107979741 0.0176355217482 5.89449018415e-07
0.153887972057 0.0138875738515 -4.22559477255e-08
0.104917108412 0.0131634177091 -4.89544289035e-07
0.0663236773621 0.0175249302295 1.23029632219e-06
0.0407878721652 0.0291997819703 -1.97470117211e-06
0.0312697533976 0.0510764905197 0.000556721923011
0.0424018781072 0.0868204688096 -0.00111139865502
0.0843729204391 0.140840728023 0.00111128637762
0.0229808420322 0.0998105844534 -0.00111107445781
7.30215976351e-05 0.0641952608633 0.0011107680637
-7.30230671011e-05 0.0360350072342 -0.00111034270768
7.2991471954e-05 0.018683054971 0.00110961542428
-7.29259541482e-05 0.0089999554538 -0.0011082978188
7.27996204614e-05 0.00336101175709 0.00110601895854
-7.25122828668e-05 0.000781152524827 -0.00110115866714
7.20350719336e-05 -0.000792624926461 0.00109339084921
-7.1214980394e-05 -0.00136059162763 -0.00108023548102
7.07344189343e-05 -0.00237217117672 0.00107225567022
-7.03573594046e-05 -0.00358499648868 -0.00106553834399
7.01478799216e-05 -0.00646554981245 0.00106135538513
-7.00839624451e-05 -0.0110623324067 -0.00105871700725
7.00999381105e-05 -0.0193984361784 0.00105726571669
-0.00021457663745 -0.0322619897331 -0.00105633360251
0.000359031169874 -0.0532212582408 0.00105577819758
-0.000358911268963 -0.0835858965813 -0.00105541563473
-0.0238577707502 -0.11834078535 0.00105521082314
-0.0719227294262 -0.159146678002 -0.00105499434836
-0.00545797168347 -0.107451415758 0.00105485843976
0.0117888900305 -0.0577807453456 -0.000537234163954
0.0178989747574 -0.0277576522352 1.96465828258e-05
0.0182942149317 -0.0107279395502 -1.85418620516e-05
0.0163101938524 -0.00191233571189 1.74316916405e-05
0.0135820802818 0.00195319911284 -1.60415297731e-05
0.0108077500337 0.00301734186133 1.46083768482e-05
0.00800832221155 0.00260327968599 -1.31234024637e-05
0.00473626833291 0.00149094292756 1.1733197017e-05
0.0 0.0 0.0
