0.0 0.0 0.0
-0.00884860815848 -0.00412126572386 -0.15588707323
-0.0124960426765 -0.00832790525349 -0.212608734267
-0.0137178730917 -0.013498218321 -0.199270737822
-0.0143689275627 -0.0206088778991 -0.144032684305
-0.0158299953714 -0.0307616763733 -0.0741239603038
-0.0192742535285 -0.0451504124281 -0.0160874057016
-0.0258449811785 -0.0642221572218 0.00390826075346
-0.0369121838547 -0.0885486547721 0.00166133705064
-0.0546444558833 -0.122593636869 -0.00722525796593
-0.0827055515258 -0.170129448914 0.0072203131756
-0.128134284724 -0.238807678395 0.111571074576
-0.0646539328758 -0.16757368708 0.00323495317733
-0.0220691798249 -0.113729859418 -0.040219730825
-0.000982943518184 -0.0701810269537 -0.0434364722224
0.000981661822868 -0.0331545552612 -0.0277109556258
-0.000580178309142 -0.00854516596468 -0.00730565304744
0.000178211473863 -9.41822503554e-05 0.000479828706396
-0.000171247983947 9.05062856924e-05 -0.000460547946585
0.000164307192599 -8.65764540159e-05 0.000441384372028
-0.000157374251907 8.26883472576e-05 -0.000422512017814
0.000150336014727 0.00014013569584 0.000403358914768
-0.000144739439918 -0.000354738564395 -0.000388160387826
0.000144490701026 0.00333173965307 0.000543492625383
-0.000145178443824 0.0182910765358 -0.000701554654845
0.000144953800191 0.0421416768305 0.00268129999581
0.0144209618276 0.068365013549 0.0231901476301
0.0469345252226 0.0964503937259 0.0437776219653
0.0946390881507 0.131233099057 0.0430888635064
0.157695475703 0.176453259952 -0.000301436658271
0.237820732819 0.234630394157 -0.108879812353
0.150260438614 0.153685865675 -0.00642554164134
0.0943743143985 0.102457665862 0.00642205767392
0.0586712409535 0.0685979344189 -0.00320920147351
0.0356323827465 0.0460904576795 -1.49902955236e-06
0.0212063638044 0.02965579786 1.39425128136e-06
0.0122946853661 0.0184094585785 -1.18621099463e-06
0.00687457285627 0.011033854969 9.74522043435e-07
0.00359996104816 0.00614382521075 -7.56774056636e-07
0.00153883993611 0.00272658909966 5.36569683192e-07
0.0 0.0 0.0
