2.60978859871 -0.111794912315 0.550000051192
2.62051421182 -0.11278754911 0.55
2.64496167306 -0.114955935795 0.55
2.67148197824 -0.117230103065 0.55
2.69469070273 -0.119208907296 0.55
2.71278819716 -0.120782019233 0.55000001143
2.72572375296 -0.122132359321 0.55
2.73428379479 -0.123665640189 0.550000019838
2.73964000069 -0.126001174135 0.55
2.74324416448 -0.130014416092 0.55002842835
2.74692873809 -0.136908973063 0.55
2.75326847524 -0.148291830074 0.55
2.75863596283 -0.160323498085 0.55
2.75978859871 -0.168523243634 0.55
2.75978859871 -0.173534427225 0.55
2.75978859871 -0.176270029136 0.55
2.75978859871 -0.177653842999 0.55
2.75978859871 -0.178271558977 0.55
2.75978859871 -0.178478491904 0.55
2.75978859871 -0.1784777684 0.55
2.75978859871 -0.178370024467 0.55
2.75978859871 -0.178183283608 0.55
2.75978859871 -0.177885236446 0.55
2.75978859871 -0.177382533441 0.55
2.75978859871 -0.176505743571 0.55
2.75978859871 -0.174982365508 0.55
2.75978134319 -0.172399232883 0.55
2.75978859871 -0.168124754551 0.55
2.75978859871 -0.161284127938 0.55
2.75857745347 -0.151187820666 0.55
2.75378775083 -0.137313283507 0.55
2.74991911205 -0.123983951062 0.55
2.750235387 -0.115722639596 0.550025273788
2.75171983355 -0.111445921362 0.55
2.75352965703 -0.109521781284 0.550000038227
2.75526023762 -0.108889891909 0.55
2.75675531925 -0.108892061262 0.550000045982
2.75797511306 -0.10914059152 0.55
2.75891524282 -0.109421059516 0.550000044252
2.75955270067 -0.109625145418 0.55
2.75978859871 -0.109699077566 0.550000497542
