0.0 0.0 0.0
-0.0445313714548 -0.00353652450427 -0.148947784953
-0.0582471635385 -0.00737715936372 -0.197563014623
-0.0559157298285 -0.0123192314511 -0.177489084518
-0.0463916517429 -0.0193091855889 -0.119612015878
-0.0350429805768 -0.0294643419854 -0.0532538223952
-0.0252480975114 -0.0440481369377 -0.00638867334974
-0.0191759288979 -0.0645383336837 0.00636220802425
-0.018483136484 -0.0931655526288 0.00275867587412
-0.0264223476466 -0.130019161749 -0.0118589504722
-0.0478512551392 -0.183401175772 0.0118373741087
-0.0923001119895 -0.263445318567 0.148722497222
-0.0300322602315 -0.180391995583 0.0269002776147
-0.000743440077221 -0.109790176735 -0.0348599077456
0.000742093527616 -0.0492199189612 -0.0595209870258
-0.000376621751813 -0.0102050836862 -0.0514726094287
1.21734296198e-05 0.000499427806116 -0.0288370379612
-1.18052990769e-05 -0.000408819920173 -0.00708486164701
1.14102393997e-05 0.000317345465008 0.00041200846847
-1.06877397359e-05 -0.000299595608131 -0.00038664528375
9.98300896251e-06 0.000281649700257 0.000361512775382
-9.31332638271e-06 -0.000263700982306 -0.000337756494076
8.64576431966e-06 0.000326315026791 0.000315077215742
-8.00855751385e-06 -0.000384737488633 -0.000294635027677
7.8666489506e-06 0.000381833155229 0.00726729401619
0.000411839645196 0.017583996369 0.0277522261387
-0.000830288600095 0.0551971749296 0.0434556639606
0.0113077115884 0.101716859138 0.0469444269636
0.0565430174151 0.147364481069 0.0355339798866
0.125022651673 0.199445215353 -0.0177188552892
0.213293143799 0.262575858583 -0.138693452806
0.117086937478 0.165639805918 -0.00882022531916
0.0611885417261 0.106430840426 0.00880505455905
0.0288942605118 0.0688336807331 -0.00435903647394
0.0111354335118 0.0421927545889 -7.67483097582e-05
0.00203703865464 0.0252484983615 7.4680762577e-05
-0.00193778451358 0.0146747090037 -5.59703134166e-05
-0.00299309381324 0.00821356166726 3.71337484846e-05
-0.00249165089247 0.00430537527098 -2.79448518943e-05
-0.00129081183151 0.00184609649011 1.86272466786e-05
0.0 0.0 0.0
