0.246182038483 0.000335016142197 0.550000050666
0.256907511973 0.00132752817724 0.55
0.281350269889 0.00349539357458 0.55
0.307873450107 0.00576956015905 0.55
0.331085282595 0.00774850637308 0.55
0.349184282897 0.00932168055408 0.550000017678
0.362122959072 0.0106720579876 0.55
0.370683954648 0.0122050671107 0.550000027611
0.376038865044 0.0145404493377 0.55
0.379641164421 0.0185538246742 0.550027733398
0.383324204134 0.0254486496504 0.55
0.389662604892 0.0368320803507 0.55
0.395029680756 0.0488648391614 0.55
0.396182038483 0.0570651114615 0.55
0.396182038483 0.0620764270337 0.55
0.396182038483 0.0648120837754 0.55
0.396182038483 0.0661959641695 0.55
0.396182038483 0.0668137294742 0.55
0.396182038483 0.0670205552766 0.55
0.396182038483 0.0670197028255 0.55
0.396182038483 0.06691186912 0.55
0.396182038483 0.0667250421463 0.55
0.396182038483 0.066426991071 0.55
0.396182038483 0.065924175746 0.55
0.396182038483 0.0650474855949 0.55
0.396182038483 0.0635241407097 0.55
0.396174834417 0.0609407876025 0.55
0.396182038483 0.0566662889563 0.55
0.396182038483 0.0498255503138 0.55
0.394971310063 0.0397287346675 0.55
0.390182390984 0.0258536784542 0.55
0.386314000113 0.0125235273064 0.55
0.38663110662 0.00426183174307 0.550025874016
0.388115878586 -1.51168534558e-05 0.55
0.389925706466 -0.00193940109186 0.550000045328
0.391655872057 -0.00257137450712 0.55
0.393150199228 -0.00256927755109 0.550000058835
0.394369131183 -0.00232069473624 0.55
0.395309064468 -0.00203970166377 0.550000057726
0.395945615172 -0.00183503289962 0.55
0.396182038483 -0.00176053008068 0.550000574471
