0.0 0.0 0.0
-0.00298491626461 -0.00334547997213 -1.93091960421e-07
-0.00527845496631 -0.00739240346675 4.86811581929e-08
-0.0076092125671 -0.0126655353889 9.40061455979e-08
-0.0105854295938 -0.0198306532413 -2.36653850347e-07
-0.0148100294395 -0.0297468402705 3.77632477112e-07
-0.0209685939828 -0.0433359311866 -5.18609648248e-07
-0.0298238161647 -0.0596719964261 5.67948981792e-07
-0.0413568435888 -0.0831223686581 0.00259886525064
-0.0565024545622 -0.115371598591 -0.00519806198511
-0.0792526479876 -0.159883184433 0.00519730970971
-0.114284988564 -0.223713731151 0.0996436516439
-0.0679495878186 -0.155457460795 -0.00157257184488
-0.0350515050704 -0.10682764698 -0.0405569248575
-0.0130478746717 -0.0729312333674 -0.0396885988683
-0.000993609938639 -0.0489249761625 -0.0198377160516
0.000991862955095 -0.0305775012627 -0.00118099389055
-0.000470376741425 -0.0173162152374 0.00117854731752
-4.99428960094e-05 -0.00873614855879 -0.000762132743531
4.94194791004e-05 -0.00234186586823 0.000346340683208
-4.89342508945e-05 0.00316707237319 -0.000344915703343
4.85796842612e-05 0.00884482600075 0.000343697844798
-4.84516608238e-05 0.0156674743876 -0.000342865392865
4.80683915609e-05 0.0244441839919 0.000813984395838
0.00450395143902 0.0346615422642 -0.00128526396715
0.0168533208563 0.0466478393152 0.00128461014267
0.036699734574 0.0629817458311 0.020191982657
0.0645075685765 0.0863076277943 0.0399650098471
0.10164685426 0.119157206926 0.0405777216636
0.149982884661 0.163908201889 0.00132443291801
0.211242355586 0.222421564202 -0.0998503924697
0.138444170356 0.146441774494 -0.00570624059809
0.0923454454594 0.0981677492403 0.00570536318299
0.0618342767094 0.0660683896212 -0.00285142110671
0.0414645231549 0.0445249495805 -1.79293941755e-06
0.0284224807568 0.0306393761177 1.69053952141e-06
0.0182105529909 0.0193762218114 -1.45868040834e-06
0.0110456806225 0.0118150798962 1.22688488099e-06
0.00620086366333 0.00667183101533 -9.90528855166e-07
0.00275354694993 0.00298106646615 7.54164962082e-07
0.0 0.0 0.0
