-0.35 -0.35 -0.35 0.35 0.35 -0.35 0.35 0.35 0 0
-0.35 -0.45 -0.35 0.25 0.35 -0.45 0.35 0.25 4 2
-0.35 -0.5 -0.35 0.2 0.35 -0.5 0.35 0.2 4 1
-0.35 -0.65 -0.35 0.05 0.35 -0.65 0.35 0.05 4 3
-0.35 -0.75 -0.35 -0.05 0.35 -0.75 0.35 -0.05 4 2
-0.35 -0.55 -0.35 0.15 0.35 -0.55 0.35 0.15 5 4
-0.2 -0.55 -0.2 0.15 0.5 -0.55 0.5 0.15 2 3
0 -0.55 0 0.15 0.5 -0.55 0.7 0.15 9 1
0 -0.55 0 0.15 0.7 -0.55 0.7 0.15 8 1
0.2 -0.55 0.2 0.15 0.9 -0.55 0.9 0.15 2 4
0.2 -0.4 0.2 0.3 0.9 -0.4 0.9 0.3 5 3
0.2 -0.35 0.2 0.35 0.9 -0.35 0.9 0.35 5 1
0.3 -0.35 0.3 0.35 1 -0.35 1 0.35 2 2
0.4 -0.35 0.4 0.35 1.1 -0.35 1.1 0.35 2 2
0.5 -0.35 0.5 0.35 1.2 -0.35 1.2 0.35 2 2
0.5 -0.35 0.7 0.35 1.2 -0.35 1.2 0.35 7 1
0.7 -0.35 0.7 0.35 1.4 -0.35 1.4 0.35 6 1
0.7 -0.4 0.7 0.3 1.4 -0.4 1.4 0.3 4 1
0.7 -0.5 0.7 0.2 1.4 -0.5 1.4 0.2 4 2
0.8 -0.5 0.8 0.2 1.5 -0.5 1.5 0.2 2 2
1 -0.5 1 0.2 1.7 -0.5 1.7 0.2 2 4
1.1 -0.5 1.1 0.2 1.8 -0.5 1.8 0.2 2 2
1.24081 -0.598599 1.0014 0.0591854 1.8986 -0.359185 1.65919 0.298599 1 2
1.33478 -0.564397 1.09537 0.0933874 1.99257 -0.324983 1.75315 0.332801 2 2
1.36899 -0.658367 1.12957 -0.000581881 2.02677 -0.418953 1.78736 0.238832 4 2
1.50994 -0.607064 1.27053 0.0507211 2.16772 -0.36765 1.92831 0.290135 2 3
1.60391 -0.572862 1.36449 0.0849232 2.26169 -0.333448 2.02228 0.324337 2 2
1.36449 -0.333448 1.60391 0.324337 2.02228 -0.572862 2.26169 0.0849232 0 4
1.52919 -0.529722 1.40763 0.159644 2.21855 -0.408168 2.097 0.281197 1 3
1.51182 -0.431241 1.39027 0.258124 2.20119 -0.309687 2.07964 0.379678 5 2
1.65954 -0.405194 1.53799 0.284172 2.34891 -0.28364 2.22736 0.405725 2 3
1.75803 -0.387829 1.63647 0.301536 2.44739 -0.266275 2.32584 0.42309 2 2
1.63647 -0.266275 1.75803 0.42309 2.32584 -0.387829 2.44739 0.301536 0 2
1.69193 -0.332369 1.69193 0.367631 2.39193 -0.332369 2.39193 0.367631 1 1
1.64193 -0.332369 1.64193 0.367631 2.34193 -0.332369 2.34193 0.367631 3 1
