2.01833644625 -0.709324325548 0.550000902566
2.01803402851 -0.709237228445 0.550000018527
2.01726604168 -0.708867574816 0.550000004232
2.0162292414 -0.708025343575 0.550000013943
2.01497517972 -0.706526706212 0.550000004491
2.01345208116 -0.704133169895 0.550000013216
2.01152203715 -0.700547177862 0.55000000471
2.00896375571 -0.695446817447 0.550000007796
2.00545034396 -0.688309567486 0.550130878733
2.00060264093 -0.678336309278 0.55
1.99392342489 -0.664474067972 0.55
1.9844812588 -0.645138924465 0.555264522897
1.97569549168 -0.625994203741 0.560191277768
1.97091225132 -0.612699290879 0.558086292665
1.96885252271 -0.603563576726 0.554064365387
1.96833644625 -0.597408833414 0.551068618967
1.96833644625 -0.593465792678 0.550000039566
1.96834611726 -0.591123137024 0.55
1.96833644625 -0.58985818771 0.550023571378
1.96833644999 -0.589324367949 0.550000002033
1.96833644625 -0.589347058781 0.550000011852
1.96833644747 -0.589903974485 0.550000009503
1.96835895075 -0.591072323049 0.550000002611
1.96833644625 -0.593050169078 0.550026061965
1.96833742548 -0.596076213618 0.55
1.96899988036 -0.600300059872 0.55000003047
1.97123022572 -0.605970257739 0.551083925935
1.97587828773 -0.613623246923 0.554106759966
1.98383771495 -0.62406954668 0.558145299722
1.99613769095 -0.63837553746 0.560239408565
2.01397617791 -0.657826200531 0.555292747736
2.03128619726 -0.676370175962 0.55
2.04269344945 -0.688663262285 0.55
2.05030673818 -0.696914714554 0.550142620013
2.05540864596 -0.702468965505 0.55000000899
2.0588545116 -0.706241294764 0.550000003828
2.06112902533 -0.708750712221 0.550000015661
2.06253739648 -0.710315514622 0.550000003839
2.0633649352 -0.71124231726 0.550000015776
2.06379321526 -0.711725505454 0.550000003842
2.06392381785 -0.711873577867 0.550000044445
