2.56392381785 -0.111874077867 0.550000044445
2.56382776215 -0.111647031502 0.550000057638
2.56362283108 -0.110968041447 0.550000000907
2.56351634564 -0.109796203002 0.550000042411
2.56367342617 -0.10799888685 0.550000000877
2.5642049077 -0.105344364465 0.55000004381
2.5652919405 -0.101485095932 0.550000000841
2.56722158879 -0.0959308053762 0.550000018556
2.57043730459 -0.0881428285062 0.550181536758
2.57560265842 -0.0773734049468 0.55
2.58372138703 -0.0624286655174 0.55
2.59639991411 -0.0414956177289 0.556251963005
2.60790086919 -0.0207865848238 0.562419726869
2.61279570918 -0.00672666271673 0.56068594219
2.61392381785 0.00208598555153 0.556369688665
2.61392381785 0.00660025680333 0.552499056067
2.61392177609 0.00804723887842 0.550464181347
2.61392381785 0.0081259221334 0.55
2.61392365328 0.00808748689128 0.550000016214
2.61392381785 0.00812592198182 0.550000003441
2.61392381785 0.0081259221334 0.550000015074
2.61392381785 0.0081259221334 0.550000004751
2.61392379585 0.00810021724028 0.550000009805
2.61392381785 0.0081259221334 0.550000010202
2.61392118728 0.00806666469957 0.55
2.61392381785 0.00696363850819 0.550533139305
2.61392109201 0.00354071957761 0.55272228939
2.61392381785 -0.00331219545355 0.556741370085
2.61346096536 -0.0145292826018 0.5610144921
2.61086183504 -0.0307380188567 0.562476673985
2.60416135539 -0.052657432556 0.556172574301
2.60003124233 -0.0731832747532 0.55
2.6013223422 -0.0865943975317 0.55
2.60310904723 -0.0956429459434 0.550156703398
2.6049053159 -0.101790154462 0.550000011463
2.60647641858 -0.105890579201 0.550000002621
2.60774062399 -0.10851689784 0.550000020301
2.60868145423 -0.110155982427 0.550000002681
2.60931631462 -0.111129065655 0.550000020347
2.60967469878 -0.111637883393 0.550000002704
2.60978859871 -0.111794912315 0.550000051192
