0.0 0.0 0.0
-0.0060417964034 0.00173998298162 -1.76645701375e-05
-0.00928920934557 0.00561913079293 1.71442300647e-05
-0.0114329637651 0.0111897377249 -1.67988416096e-05
-0.01363773023 0.0187468958625 1.64993341366e-05
-0.016813087346 0.0290875760811 -1.62451313304e-05
-0.0217687020955 0.0425802994516 1.59897042838e-05
-0.0293734099423 0.0593749090153 -1.58598573261e-05
-0.0408746886902 0.0833281447332 0.00262865884978
-0.0560564049755 0.116087461878 -0.00523445582923
-0.0775042556609 0.161107698009 0.00522295402437
-0.111329442124 0.225576829231 0.100040606159
-0.0644033628146 0.157342976806 -0.0014677346642
-0.0312785981119 0.108580531993 -0.0406116965292
-0.00994449090801 0.0741797344471 -0.0398278960345
-0.000390522114482 0.0489501326042 -0.0201143793936
0.000389230807507 0.0299416715965 -0.00128790115735
-0.000193601049053 0.0169549924047 0.00127842487088
-9.0425299132e-07 0.00838641104087 -0.000796654203094
1.10484949057e-06 0.00233276194591 0.000317404057329
-1.259900715e-06 -0.00275657881009 -0.000313476182714
1.36052179626e-06 -0.00835167159077 0.00031006630117
0.000448368997074 -0.0150101768079 -0.000309728459367
-0.00089456673203 -0.0245163364606 0.000827279632425
0.000909624198333 -0.0359741215185 -0.0013428239298
0.0123126062789 -0.0484732348592 0.00133717653483
0.0322706834572 -0.0649112549942 0.0203182564983
0.0606507407171 -0.0881159659023 0.0401106503256
0.0984866963852 -0.12076592457 0.0406594044192
0.147476128008 -0.165320517193 0.00125229150869
0.209276636181 -0.223676715334 -0.100157653104
0.136951093619 -0.147231694252 -0.00573306529176
0.0912391375316 -0.0986780299003 0.00572168355289
0.0610711606637 -0.0663986564634 -0.00285650303813
0.0410128637988 -0.0447359016935 -2.22538523029e-06
0.0279510963885 -0.0307606021898 2.06428550682e-06
0.0175712261823 -0.0194626625382 -1.78141198463e-06
0.0106278951035 -0.0118680525057 1.48578064008e-06
0.00595402663809 -0.00670241767929 -1.17421187551e-06
0.00264188476158 -0.0029952639591 8.55310976571e-07
0.0 0.0 0.0
