0.0 0.0 0.0
-0.00192069449514 0.00453993505256 2.6340272073e-07
-0.00217756346953 0.00903348846479 -1.38423844259e-06
4.41131906148e-05 0.0143942408823 2.18937342999e-06
0.00309478107773 0.0215457134766 -3.00521993231e-06
0.00753086659352 0.0315357631082 3.84622026581e-06
0.0142056225993 0.0456408006341 -4.69146386015e-06
0.0243829109098 0.0654363989897 5.03535534496e-06
0.0399280371124 0.090317747101 0.00362454621205
0.0633738836298 0.125063082796 -0.00725301955025
0.0989956433177 0.173824799504 0.00725104004893
0.15457170814 0.244832080088 0.117781930067
0.0754516860521 0.169352673273 0.00557943500105
0.0224473950101 0.111848243804 -0.0402531559689
0.000115892285997 0.0644060731037 -0.0460717487399
-0.000115891674548 0.025880342915 -0.0313412821874
7.45728614601e-05 0.00306063418366 -0.00935749867032
-3.3219932669e-05 -0.00148541325398 7.09277065094e-05
2.940475881e-05 0.000715169235158 -7.04802685003e-05
-2.5541431956e-05 5.48802538284e-05 6.99442380857e-05
2.4871622022e-05 -5.39801930874e-05 -6.85578110368e-05
-2.42126883208e-05 5.31058271519e-05 6.72021080579e-05
2.32481052264e-05 -0.000566278062946 -6.68982246689e-05
-2.23019170554e-05 0.00107914576646 6.67957679628e-05
-3.07849060612e-05 -0.00226303880738 -6.6975119013e-05
8.38566389147e-05 -0.019796447562 0.0107291527373
-0.000138829987117 -0.0486605583399 0.0330527876429
0.000193825959695 -0.0883966442043 0.0473284318481
-0.00945120206274 -0.135944299146 0.0381341630612
-0.0425301350388 -0.188228419876 -0.00888872115084
-0.0914768691096 -0.250156578685 -0.117187544532
0.00886900360218 -0.160365280066 -0.00627021302501
0.0169519738209 -0.107863801642 0.00626858293696
0.0187817292187 -0.0731147176046 -0.00313234776268
0.0171442222687 -0.0498376749713 -2.59594106382e-06
0.0142792277213 -0.0321794264312 2.41557473721e-06
0.0110073249687 -0.0203557811822 -2.0569645646e-06
0.00781290563127 -0.0124349017531 1.69796834671e-06
0.00488916696363 -0.00703574721588 -1.33652979576e-06
0.0022845552813 -0.00314961856002 9.74627906686e-07
0.0 0.0 0.0
