0 0 1 0 0 0 0
0 0 0.95 0 0 7 1.16279
-0.0199814 0.0423503 0.926404 -0.0404477 -0.0872665 0 1.16279
0.0298283 0.0379925 0.926404 -0.0404477 -0.0872665 4 1.16279
0.0796381 0.0336347 0.926404 -0.0404477 -0.0872665 4 1.16279
0.129448 0.0292769 0.976213 -0.0448054 -0.0872665 2 1.16279
0.112664 0.068883 0.949751 -0.078718 -0.174533 0 1.16279
0.0993962 0.109801 0.920433 -0.110195 -0.261799 0 1.16279
0.0897451 0.15172 0.888484 -0.138997 -0.349066 0 1.16279
0.13673 0.134619 0.888484 -0.138997 -0.349066 4 1.16279
0.129934 0.175204 0.85498 -0.16289 -0.436332 0 1.16279
0.175249 0.154073 0.85498 -0.16289 -0.436332 4 1.16279
0.17101 0.193162 0.820529 -0.181838 -0.523599 0 1.16279
0.170193 0.232472 0.784557 -0.197711 -0.610865 0 1.16279
0.170193 0.232472 0.825515 -0.22639 -0.610865 6 1.16279
0.174134 0.273433 0.786969 -0.240797 -0.698132 0 1.16279
0.212436 0.241294 0.825271 -0.272936 -0.698132 2 1.16279
0.174134 0.273433 0.825271 -0.272936 -0.698132 5 1.16279
0.212436 0.241294 0.863574 -0.305076 -0.698132 2 1.16279
0.221405 0.283364 0.822445 -0.317677 -0.785398 0 1.16279
0.25676 0.248008 0.857801 -0.353032 -0.785398 2 1.16279
0.25676 0.248008 0.893156 -0.388388 -0.785398 6 1.16279
0.25676 0.248008 0.928511 -0.423743 -0.785398 6 1.16279
0.272577 0.292084 0.883225 -0.435659 -0.872665 0 1.16279
0.272577 0.292084 0.915365 -0.473961 -0.872665 6 1.16279
0.240438 0.330386 0.883225 -0.435659 -0.872665 3 1.16279
0.261766 0.374242 0.835343 -0.44491 -0.959931 0 1.16279
0.261766 0.374242 0.864022 -0.485867 -0.959931 6 1.16279
0.290445 0.333285 0.8927 -0.526825 -0.959931 2 1.16279
0.319124 0.292327 0.921379 -0.567783 -0.959931 2 1.16279
0.319124 0.292327 0.950058 -0.60874 -0.959931 6 1.16279
0.347873 0.336502 0.897873 -0.616126 -1.0472 0 1.16279
0.372873 0.2932 0.897873 -0.616126 -1.0472 4 1.16279
0.397873 0.249899 0.897873 -0.616126 -1.0472 4 1.16279
0.397873 0.249899 0.922873 -0.659428 -1.0472 6 1.16279
0.397873 0.249899 0.947873 -0.702729 -1.0472 6 1.16279
0.430362 0.2914 0.895242 -0.705539 -1.13446 0 1.16279
0.451493 0.246084 0.916373 -0.750854 -1.13446 2 1.16279
0.472624 0.200769 0.916373 -0.750854 -1.13446 4 1.16279
0.493755 0.155454 0.916373 -0.750854 -1.13446 4 1.16279
0.514886 0.110138 0.916373 -0.750854 -1.13446 4 1.16279
0.514886 0.110138 0.937504 -0.79617 -1.13446 6 1.16279
0.536017 0.0648228 0.937504 -0.79617 -1.13446 4 1.16279
0.536017 0.0648228 0.958635 -0.841485 -1.13446 6 1.16279
0.567969 0.101665 0.90999 -0.838028 -1.22173 0 1.16279
0.585071 0.0546802 0.927091 -0.885012 -1.22173 2 1.16279
0.585071 0.0546802 0.944192 -0.931997 -1.22173 6 1.16279
0.602172 0.00769552 0.961293 -0.978982 -1.22173 2 1.16279
0.619273 -0.0392891 0.961293 -0.978982 -1.22173 4 1.16279
0.636374 -0.0862737 0.978394 -1.02597 -1.22173 2 1.16279
0.653475 -0.133258 0.978394 -1.02597 -1.22173 4 1.16279
0.686437 -0.0999973 0.932315 -1.01763 -1.309 0 1.16279
0.686437 -0.0999973 0.945256 -1.06592 -1.309 6 1.16279
0.699378 -0.148294 0.945256 -1.06592 -1.309 4 1.16279
0.712319 -0.19659 0.945256 -1.06592 -1.309 4 1.16279
0.745925 -0.1668 0.902208 -1.05313 -1.39626 0 1.16279
0.754607 -0.216041 0.910891 -1.10237 -1.39626 2 1.16279
0.754607 -0.216041 0.919573 -1.15161 -1.39626 6 1.16279
0.792845 -0.189009 0.875643 -1.13539 -1.48353 0 1.16279
0.797202 -0.238819 0.88 -1.1852 -1.48353 2 1.16279
0.80156 -0.288628 0.88 -1.1852 -1.48353 4 1.16279
0.805918 -0.338438 0.884358 -1.23501 -1.48353 2 1.16279
0.844187 -0.314937 0.844187 -1.21494 -1.5708 0 1.16279
0.844187 -0.314937 0.844187 -1.26494 -1.5708 6 1.16279
0.844187 -0.364937 0.844187 -1.26494 -1.5708 4 1.16279
0.884358 -0.34486 0.805918 -1.24144 -1.65806 0 1.16279
0.88 -0.39467 0.80156 -1.29125 -1.65806 2 1.16279
0.875643 -0.44448 0.797202 -1.34105 -1.65806 2 1.16279
0.917411 -0.427981 0.761128 -1.31431 -1.74533 0 1.16279
0.908729 -0.477221 0.752445 -1.36355 -1.74533 2 1.16279
0.951776 -0.464425 0.718839 -1.33376 -1.8326 0 1.16279
0.938835 -0.512721 0.705898 -1.38205 -1.8326 2 1.16279
0.925894 -0.561018 0.705898 -1.38205 -1.8326 4 1.16279
0.912953 -0.609314 0.705898 -1.38205 -1.8326 4 1.16279
0.900012 -0.65761 0.705898 -1.38205 -1.8326 4 1.16279
0.863353 -0.671822 0.733116 -1.41043 -1.74533 1 1.16279
0.828071 -0.689175 0.762704 -1.43632 -1.65806 1 1.16279
0.823713 -0.738985 0.758347 -1.48613 -1.65806 2 1.16279
0.790079 -0.759347 0.790079 -1.50935 -1.5708 1 1.16279
0.790079 -0.809347 0.790079 -1.55935 -1.5708 2 1.16279
0.790079 -0.859347 0.790079 -1.60935 -1.5708 2 1.16279
0.790079 -0.859347 0.790079 -1.65935 -1.5708 6 1.16279
0.756168 -0.882658 0.825892 -1.67961 -1.48353 1 1.16279
0.760525 -0.932468 0.825892 -1.67961 -1.48353 4 1.16279
0.760525 -0.932468 0.83025 -1.72942 -1.48353 6 1.16279
0.764883 -0.982278 0.834608 -1.77923 -1.48353 2 1.16279
0.733133 -1.00846 0.872052 -1.7963 -1.39626 1 1.16279
0.741815 -1.0577 0.872052 -1.7963 -1.39626 4 1.16279
0.750498 -1.10694 0.880734 -1.84554 -1.39626 2 1.16279
0.750498 -1.10694 0.889416 -1.89478 -1.39626 6 1.16279
0.72115 -1.13578 0.928205 -1.90852 -1.309 1 1.16279
0.734091 -1.18408 0.941146 -1.95682 -1.309 2 1.16279
0.734091 -1.18408 0.954087 -2.00511 -1.309 6 1.16279
0.747032 -1.23237 0.967028 -2.05341 -1.309 2 1.16279
0.747032 -1.23237 0.979969 -2.10171 -1.309 6 1.16279
0.759973 -1.28067 0.979969 -2.10171 -1.309 4 1.16279
0.772914 -1.32897 0.99291 -2.15 -1.309 2 1.16279
0.772914 -1.32897 1.00585 -2.1983 -1.309 6 1.16279
0.742032 -1.36157 1.04985 -2.2073 -1.22173 1 1.16279
0.759133 -1.40856 1.04985 -2.2073 -1.22173 4 1.16279
0.733225 -1.44289 1.09245 -2.21326 -1.13446 1 1.16279
0.754355 -1.48821 1.11358 -2.25857 -1.13446 2 1.16279
0.775486 -1.53353 1.11358 -2.25857 -1.13446 4 1.16279
0.796617 -1.57884 1.11358 -2.25857 -1.13446 4 1.16279
0.817748 -1.62416 1.13471 -2.30389 -1.13446 2 1.16279
0.798801 -1.65861 1.1738 -2.30813 -1.0472 1 1.16279
0.823801 -1.70191 1.1988 -2.35143 -1.0472 2 1.16279
0.848801 -1.74521 1.2238 -2.39473 -1.0472 2 1.16279
0.848801 -1.74521 1.2488 -2.43803 -1.0472 6 1.16279
0.848801 -1.74521 1.2738 -2.48133 -1.0472 6 1.16279
0.873801 -1.78851 1.2738 -2.48133 -1.0472 4 1.16279
0.856088 -1.82565 1.31495 -2.48098 -0.959931 1 1.16279
0.841681 -1.8642 1.35591 -2.47704 -0.872665 1 1.16279
0.841681 -1.8642 1.32377 -2.43873 -0.872665 7 1.16279
0.87382 -1.9025 1.35591 -2.47704 -0.872665 2 1.16279
0.864435 -1.94068 1.39477 -2.47101 -0.785398 1 1.16279
0.858413 -1.97954 1.43295 -2.46163 -0.698132 1 1.16279
0.896715 -2.01168 1.47125 -2.49377 -0.698132 2 1.16279
0.935018 -2.04382 1.50955 -2.52591 -0.698132 2 1.16279
0.935018 -2.04382 1.54785 -2.55805 -0.698132 6 1.16279
0.931077 -2.08478 1.5864 -2.54364 -0.610865 1 1.16279
0.972035 -2.11346 1.62736 -2.57232 -0.610865 2 1.16279
1.01299 -2.14214 1.62736 -2.57232 -0.610865 4 1.16279
1.05395 -2.17082 1.66831 -2.601 -0.610865 2 1.16279
1.09491 -2.19949 1.70927 -2.62968 -0.610865 2 1.16279
1.09491 -2.19949 1.75023 -2.65836 -0.610865 6 1.16279
1.09491 -2.19949 1.79119 -2.68703 -0.610865 6 1.16279
1.13587 -2.22817 1.79119 -2.68703 -0.610865 4 1.16279
1.13551 -2.26932 1.82833 -2.66932 -0.523599 1 1.16279
1.17881 -2.29432 1.82833 -2.66932 -0.523599 4 1.16279
1.22211 -2.31932 1.87163 -2.69432 -0.523599 2 1.16279
1.22635 -2.35841 1.90608 -2.67537 -0.436332 1 1.16279
1.23398 -2.39698 1.93875 -2.6535 -0.349066 1 1.16279
1.24495 -2.43474 1.96939 -2.62885 -0.261799 1 1.16279
1.25916 -2.4714 1.99776 -2.60164 -0.174533 1 1.16279
1.25916 -2.4714 2.047 -2.61032 -0.174533 6 1.16279
1.25916 -2.4714 2.09624 -2.619 -0.174533 6 1.16279
1.3084 -2.48008 2.09624 -2.619 -0.174533 4 1.16279
1.35764 -2.48876 2.09624 -2.619 -0.174533 4 1.16279
1.37499 -2.52405 2.12214 -2.58941 -0.0872665 1 1.16279
1.37499 -2.52405 2.17195 -2.59377 -0.0872665 6 1.16279
1.4248 -2.5284 2.22176 -2.59813 -0.0872665 2 1.16279
1.44507 -2.56422 2.24507 -2.56422 1.11022e-15 1 1.16279
1.49507 -2.56422 2.29507 -2.56422 1.11022e-15 2 1.16279
1.49507 -2.56422 2.34507 -2.56422 1.11022e-15 6 1.16279
1.51847 -2.60031 2.36524 -2.52622 0.0872665 1 1.16279
1.56828 -2.59595 2.41505 -2.52187 0.0872665 2 1.16279
1.61809 -2.59159 2.46486 -2.51751 0.0872665 2 1.16279
1.6679 -2.58723 2.51467 -2.51315 0.0872665 2 1.16279
1.6679 -2.58723 2.56448 -2.50879 0.0872665 6 1.16279
1.71771 -2.58288 2.61429 -2.50444 0.0872665 2 1.16279
1.76752 -2.57852 2.61429 -2.50444 0.0872665 4 1.16279
1.76752 -2.57852 2.6641 -2.50008 0.0872665 6 1.16279
1.81733 -2.57416 2.6641 -2.50008 0.0872665 4 1.16279
1.86714 -2.5698 2.71391 -2.49572 0.0872665 2 1.16279
1.84374 -2.53371 2.69374 -2.53371 1.04492e-15 0 1.16279
1.82356 -2.49572 2.67033 -2.5698 -0.0872665 0 1.16279
1.87337 -2.50008 2.67033 -2.5698 -0.0872665 4 1.16279
1.87337 -2.50008 2.72014 -2.57416 -0.0872665 6 1.16279
1.87337 -2.50008 2.76995 -2.57852 -0.0872665 6 1.16279
1.92318 -2.50444 2.76995 -2.57852 -0.0872665 4 1.16279
1.97299 -2.50879 2.81976 -2.58288 -0.0872665 2 1.16279
1.95621 -2.46919 2.7933 -2.61679 -0.174533 0 1.16279
1.95621 -2.46919 2.84254 -2.62547 -0.174533 6 1.16279
2.00545 -2.47787 2.84254 -2.62547 -0.174533 4 1.16279
2.00545 -2.47787 2.89178 -2.63415 -0.174533 6 1.16279
2.05469 -2.48655 2.89178 -2.63415 -0.174533 4 1.16279
2.04142 -2.44563 2.86246 -2.66563 -0.261799 0 1.16279
2.08972 -2.45857 2.86246 -2.66563 -0.261799 4 1.16279
2.13802 -2.47152 2.91076 -2.67857 -0.261799 2 1.16279
2.18631 -2.48446 2.91076 -2.67857 -0.261799 4 1.16279
2.18631 -2.48446 2.95905 -2.69151 -0.261799 6 1.16279
2.18631 -2.48446 3.00735 -2.70445 -0.261799 6 1.16279
2.17666 -2.44254 2.9754 -2.73326 -0.349066 0 1.16279
2.17666 -2.44254 3.02238 -2.75036 -0.349066 6 1.16279
2.17666 -2.44254 3.06937 -2.76746 -0.349066 6 1.16279
2.22364 -2.45964 3.11635 -2.78456 -0.349066 2 1.16279
2.22364 -2.45964 3.16334 -2.80166 -0.349066 6 1.16279
2.27063 -2.47674 3.21032 -2.81876 -0.349066 2 1.16279
2.31761 -2.49384 3.21032 -2.81876 -0.349066 4 1.16279
2.3646 -2.51094 3.25731 -2.83586 -0.349066 2 1.16279
2.3646 -2.51094 3.30429 -2.85296 -0.349066 6 1.16279
2.36114 -2.4623 3.26745 -2.88491 -0.436332 0 1.16279
2.36194 -2.41354 3.22796 -2.91354 -0.523599 0 1.16279
2.40524 -2.43854 3.22796 -2.91354 -0.523599 4 1.16279
2.44854 -2.46354 3.27126 -2.93854 -0.523599 2 1.16279
2.44854 -2.46354 3.31457 -2.96354 -0.523599 6 1.16279
2.44854 -2.46354 3.35787 -2.98854 -0.523599 6 1.16279
2.49184 -2.48854 3.35787 -2.98854 -0.523599 4 1.16279
2.53514 -2.51354 3.35787 -2.98854 -0.523599 4 1.16279
2.57844 -2.53854 3.35787 -2.98854 -0.523599 4 1.16279
2.62174 -2.56354 3.35787 -2.98854 -0.523599 4 1.16279
2.62174 -2.56354 3.40117 -3.01354 -0.523599 6 1.16279
2.62174 -2.56354 3.44447 -3.03854 -0.523599 6 1.16279
2.66505 -2.58854 3.44447 -3.03854 -0.523599 4 1.16279
2.66626 -2.63343 3.48194 -3.01378 -0.436332 1 1.16279
2.67139 -2.67804 3.51711 -2.98586 -0.349066 1 1.16279
2.71838 -2.69514 3.5641 -3.00296 -0.349066 2 1.16279
2.76536 -2.71224 3.61108 -3.02006 -0.349066 2 1.16279
2.81234 -2.72935 3.61108 -3.02006 -0.349066 4 1.16279
2.81234 -2.72935 3.65807 -3.03716 -0.349066 6 1.16279
2.85933 -2.74645 3.65807 -3.03716 -0.349066 4 1.16279
2.86898 -2.78837 3.69002 -3.00836 -0.261799 1 1.16279
2.88225 -2.82928 3.71934 -2.97688 -0.174533 1 1.16279
2.88225 -2.82928 3.76858 -2.98557 -0.174533 6 1.16279
2.93149 -2.83797 3.76858 -2.98557 -0.174533 4 1.16279
2.94827 -2.87757 3.79504 -2.95165 -0.0872665 1 1.16279
2.99808 -2.88193 3.84485 -2.95601 -0.0872665 2 1.16279
3.04789 -2.88629 3.84485 -2.95601 -0.0872665 4 1.16279
3.0977 -2.89065 3.84485 -2.95601 -0.0872665 4 1.16279
3.11806 -2.92428 3.86806 -2.92428 1.18424e-15 1 1.16279
3.11806 -2.92428 3.91806 -2.92428 1.18424e-15 6 1.16279
3.16806 -2.92428 3.91806 -2.92428 1.18424e-15 4 1.16279
3.21806 -2.92428 3.96806 -2.92428 1.18424e-15 2 1.16279
3.24128 -2.95601 3.98843 -2.89065 0.0872665 1 1.16279
3.29109 -2.95165 4.03824 -2.88629 0.0872665 2 1.16279
3.3409 -2.9473 4.08805 -2.88193 0.0872665 2 1.16279
3.39071 -2.94294 4.13785 -2.87757 0.0872665 2 1.16279
3.44052 -2.93858 4.18766 -2.87321 0.0872665 2 1.16279
3.4173 -2.90685 4.1673 -2.90685 1.18424e-15 0 1.16279
3.4173 -2.90685 4.2173 -2.90685 1.18424e-15 6 1.16279
3.4673 -2.90685 4.2673 -2.90685 1.18424e-15 2 1.16279
3.5173 -2.90685 4.3173 -2.90685 1.18424e-15 2 1.16279
3.5673 -2.90685 4.3173 -2.90685 1.18424e-15 4 1.16279
3.6173 -2.90685 4.3673 -2.90685 1.18424e-15 2 1.16279
3.6673 -2.90685 4.4173 -2.90685 1.18424e-15 2 1.16279
3.6673 -2.90685 4.4673 -2.90685 1.18424e-15 6 1.16279
3.7173 -2.90685 4.5173 -2.90685 1.18424e-15 2 1.16279
3.7673 -2.90685 4.5173 -2.90685 1.18424e-15 4 1.16279
3.7673 -2.90685 4.5673 -2.90685 1.18424e-15 6 1.16279
3.7673 -2.90685 4.6173 -2.90685 1.18424e-15 6 1.16279
3.7673 -2.90685 4.6673 -2.90685 1.18424e-15 6 1.16279
3.8173 -2.90685 4.6673 -2.90685 1.18424e-15 4 1.16279
3.8673 -2.90685 4.6673 -2.90685 1.18424e-15 4 1.16279
3.9173 -2.90685 4.7173 -2.90685 1.18424e-15 2 1.16279
3.94061 -2.94076 4.73757 -2.87104 0.0872665 1 1.16279
3.94061 -2.94076 4.78738 -2.86668 0.0872665 6 1.16279
3.91721 -2.90467 4.76721 -2.90467 1.04492e-15 0 1.16279
3.91721 -2.90467 4.81721 -2.90467 1.04492e-15 6 1.16279
3.96721 -2.90467 4.81721 -2.90467 1.04492e-15 4 1.16279
4.01721 -2.90467 4.81721 -2.90467 1.04492e-15 4 1.16279
4.06721 -2.90467 4.86721 -2.90467 1.04492e-15 2 1.16279
4.11721 -2.90467 4.91721 -2.90467 1.04492e-15 2 1.16279
4.11721 -2.90467 4.96721 -2.90467 1.04492e-15 6 1.16279
4.11721 -2.90467 5.01721 -2.90467 1.04492e-15 6 1.16279
4.14071 -2.94294 5.03728 -2.8645 0.0872665 1 1.16279
4.19052 -2.93858 5.08709 -2.86014 0.0872665 2 1.16279
4.19052 -2.93858 5.1369 -2.85578 0.0872665 6 1.16279
4.21755 -2.97682 5.15312 -2.81185 0.174533 1 1.16279
4.21755 -2.97682 5.20236 -2.80317 0.174533 6 1.16279
4.26679 -2.96814 5.2516 -2.79449 0.174533 2 1.16279
4.29752 -3.006 5.26345 -2.74718 0.261799 1 1.16279
4.33144 -3.04104 5.27113 -2.69902 0.349066 1 1.16279
4.37843 -3.02394 5.31812 -2.68192 0.349066 2 1.16279
4.41527 -3.0559 5.32158 -2.63328 0.436332 1 1.16279
4.41527 -3.0559 5.36689 -2.61215 0.436332 6 1.16279
4.36995 -3.07703 5.36689 -2.61215 0.436332 5 1.16279
4.41145 -3.10952 5.36408 -2.55952 0.523599 1 1.16279
4.45563 -3.13826 5.3567 -2.50733 0.610865 1 1.16279
4.49659 -3.10959 5.3567 -2.50733 0.610865 4 1.16279
4.54177 -3.13264 5.34612 -2.45772 0.698132 1 1.16279
4.58007 -3.1005 5.34612 -2.45772 0.698132 4 1.16279
4.61837 -3.06837 5.34612 -2.45772 0.698132 4 1.16279
4.65668 -3.03623 5.34612 -2.45772 0.698132 4 1.16279
4.69498 -3.00409 5.34612 -2.45772 0.698132 4 1.16279
4.73611 -3.01669 5.33715 -2.41565 0.785398 1 1.16279
4.77146 -2.98133 5.3725 -2.38029 0.785398 2 1.16279
4.81353 -2.9903 5.3599 -2.33916 0.872665 1 1.16279
4.84567 -2.952 5.39204 -2.30086 0.872665 2 1.16279
4.88836 -2.95727 5.3759 -2.26099 0.959931 1 1.16279
4.91704 -2.91631 5.40458 -2.22003 0.959931 2 1.16279
4.94572 -2.87535 5.43326 -2.17907 0.959931 2 1.16279
4.9744 -2.83439 5.46194 -2.13811 0.959931 2 1.16279
5.01739 -2.83592 5.44239 -2.0998 1.0472 1 1.16279
5.01739 -2.83592 5.46739 -2.0565 1.0472 6 1.16279
5.04239 -2.79262 5.49239 -2.0132 1.0472 2 1.16279
5.01739 -2.83592 5.49239 -2.0132 1.0472 5 1.16279
5.01739 -2.83592 5.51739 -1.9699 1.0472 6 1.16279
5.04239 -2.79262 5.54239 -1.92659 1.0472 2 1.16279
5.04239 -2.79262 5.56739 -1.88329 1.0472 6 1.16279
5.06739 -2.74932 5.59239 -1.83999 1.0472 2 1.16279
5.06739 -2.74932 5.61739 -1.79669 1.0472 6 1.16279
5.0152 -2.74193 5.64614 -1.84087 0.959931 0 1.16279
5.0152 -2.74193 5.67482 -1.79991 0.959931 6 1.16279
5.0152 -2.74193 5.70349 -1.75895 0.959931 6 1.16279
5.04388 -2.70097 5.73217 -1.71799 0.959931 2 1.16279
5.07256 -2.66002 5.73217 -1.71799 0.959931 4 1.16279
5.07256 -2.66002 5.76085 -1.67703 0.959931 6 1.16279
5.10124 -2.61906 5.78953 -1.63608 0.959931 2 1.16279
5.10124 -2.61906 5.81821 -1.59512 0.959931 6 1.16279
5.12992 -2.5781 5.81821 -1.59512 0.959931 4 1.16279
5.1586 -2.53714 5.84689 -1.55416 0.959931 2 1.16279
5.10379 -2.52258 5.87514 -1.60333 0.872665 0 1.16279
5.13593 -2.48428 5.87514 -1.60333 0.872665 4 1.16279
5.08421 -2.46647 5.89739 -1.6533 0.785398 0 1.16279
5.03425 -2.44422 5.9152 -1.70502 0.698132 0 1.16279
4.98641 -2.4177 5.92843 -1.75809 0.610865 0 1.16279
5.02736 -2.38902 5.96939 -1.72941 0.610865 2 1.16279
5.02736 -2.38902 6.01035 -1.70073 0.610865 6 1.16279
5.06832 -2.36034 6.0513 -1.67205 0.610865 2 1.16279
5.10928 -2.33167 6.09226 -1.64337 0.610865 2 1.16279
5.15024 -2.30299 6.13322 -1.6147 0.610865 2 1.16279
5.19119 -2.27431 6.13322 -1.6147 0.610865 4 1.16279
5.23215 -2.24563 6.17418 -1.58602 0.610865 2 1.16279
5.23215 -2.24563 6.13322 -1.6147 0.610865 7 1.16279
5.27311 -2.21695 6.13322 -1.6147 0.610865 4 1.16279
5.31407 -2.18827 6.17418 -1.58602 0.610865 2 1.16279
5.35502 -2.15959 6.17418 -1.58602 0.610865 4 1.16279
5.31319 -2.13452 6.17922 -1.63452 0.523599 0 1.16279
5.26989 -2.15952 6.17922 -1.63452 0.523599 5 1.16279
5.2294 -2.12897 6.18102 -1.68522 0.436332 0 1.16279
5.2294 -2.12897 6.13571 -1.70635 0.436332 7 1.16279
5.19256 -2.09702 6.13225 -1.755 0.349066 0 1.16279
5.19256 -2.09702 6.08526 -1.7721 0.349066 7 1.16279
5.1593 -2.06405 6.07693 -1.81818 0.261799 0 1.16279
5.111 -2.07699 6.07693 -1.81818 0.261799 5 1.16279
5.111 -2.07699 6.02863 -1.83112 0.261799 7 1.16279
5.111 -2.07699 5.98033 -1.84406 0.261799 7 1.16279
5.08121 -2.04339 5.96754 -1.8871 0.174533 0 1.16279
5.03197 -2.05207 5.96754 -1.8871 0.174533 5 1.16279
4.98273 -2.06075 5.9183 -1.89579 0.174533 3 1.16279
4.93349 -2.06944 5.86906 -1.90447 0.174533 3 1.16279
4.93349 -2.06944 5.81982 -1.91315 0.174533 7 1.16279
4.90674 -2.03336 5.80332 -1.95492 0.0872665 0 1.16279
4.88324 -1.99509 5.78324 -1.99509 1.4803e-15 0 1.16279
4.88324 -1.99509 5.73324 -1.99509 1.4803e-15 7 1.16279
4.83324 -1.99509 5.68324 -1.99509 1.4803e-15 3 1.16279
4.78324 -1.99509 5.63324 -1.99509 1.4803e-15 3 1.16279
4.78324 -1.99509 5.58324 -1.99509 1.4803e-15 7 1.16279
4.78324 -1.99509 5.53324 -1.99509 1.4803e-15 7 1.16279
4.73324 -1.99509 5.48324 -1.99509 1.4803e-15 3 1.16279
4.71288 -1.96146 5.46002 -2.02682 -0.0872665 0 1.16279
4.69553 -1.92618 5.43413 -2.05641 -0.174533 0 1.16279
4.68131 -1.88952 5.40576 -2.08363 -0.261799 0 1.16279
4.67035 -1.85176 5.37512 -2.10827 -0.349066 0 1.16279
4.62337 -1.83466 5.37512 -2.10827 -0.349066 5 1.16279
4.61657 -1.79407 5.34162 -2.13217 -0.436332 0 1.16279
4.61334 -1.75305 5.30616 -2.15305 -0.523599 0 1.16279
4.57004 -1.72805 5.26286 -2.12805 -0.523599 3 1.16279
4.52674 -1.70305 5.21956 -2.10305 -0.523599 3 1.16279
4.52674 -1.70305 5.17625 -2.07805 -0.523599 7 1.16279
4.52592 -1.66374 5.14028 -2.09392 -0.610865 0 1.16279
4.48496 -1.63506 5.09932 -2.06524 -0.610865 3 1.16279
4.444 -1.60638 5.05837 -2.03656 -0.610865 3 1.16279
4.40305 -1.5777 5.01741 -2.00788 -0.610865 3 1.16279
4.36209 -1.54902 4.97645 -1.9792 -0.610865 3 1.16279
4.32113 -1.52034 4.93549 -1.95053 -0.610865 3 1.16279
4.28017 -1.49166 4.93549 -1.95053 -0.610865 5 1.16279
4.28017 -1.49166 4.89454 -1.92185 -0.610865 7 1.16279
4.23922 -1.46299 4.89454 -1.92185 -0.610865 5 1.16279
4.23886 -1.50414 4.93168 -1.90414 -0.523599 1 1.16279
4.24209 -1.54516 4.96714 -1.88325 -0.436332 1 1.16279
4.19678 -1.52403 4.96714 -1.88325 -0.436332 5 1.16279
4.15146 -1.5029 4.96714 -1.88325 -0.436332 5 1.16279
4.10615 -1.48177 4.92182 -1.86212 -0.436332 3 1.16279
4.11127 -1.52638 4.957 -1.8342 -0.349066 1 1.16279
4.11127 -1.52638 4.91001 -1.8171 -0.349066 7 1.16279
4.06429 -1.50928 4.91001 -1.8171 -0.349066 5 1.16279
4.06429 -1.50928 4.86303 -1.8 -0.349066 7 1.16279
4.0173 -1.49218 4.86303 -1.8 -0.349066 5 1.16279
4.0173 -1.49218 4.81604 -1.7829 -0.349066 7 1.16279
4.02695 -1.5341 4.84799 -1.75409 -0.261799 1 1.16279
3.97866 -1.52116 4.7997 -1.74115 -0.261799 3 1.16279
3.93036 -1.50822 4.7514 -1.72821 -0.261799 3 1.16279
3.94363 -1.54913 4.78072 -1.69673 -0.174533 1 1.16279
3.89439 -1.54045 4.73148 -1.68805 -0.174533 3 1.16279
3.84515 -1.53177 4.73148 -1.68805 -0.174533 5 1.16279
3.84515 -1.53177 4.68224 -1.67937 -0.174533 7 1.16279
3.79591 -1.52309 4.633 -1.67069 -0.174533 3 1.16279
3.81269 -1.56269 4.65946 -1.63678 -0.0872665 1 1.16279
3.83286 -1.60069 4.68286 -1.60069 7.83687e-16 1 1.16279
3.88286 -1.60069 4.68286 -1.60069 7.83687e-16 4 1.16279
3.88286 -1.60069 4.73286 -1.60069 7.83687e-16 6 1.16279
3.88286 -1.60069 4.78286 -1.60069 7.83687e-16 6 1.16279
3.93286 -1.60069 4.83286 -1.60069 7.83687e-16 2 1.16279
3.98286 -1.60069 4.83286 -1.60069 7.83687e-16 4 1.16279
3.98286 -1.60069 4.88286 -1.60069 7.83687e-16 6 1.16279
3.98286 -1.60069 4.93286 -1.60069 7.83687e-16 6 1.16279
4.03286 -1.60069 4.98286 -1.60069 7.83687e-16 2 1.16279
3.98286 -1.60069 4.98286 -1.60069 7.83687e-16 5 1.16279
