0.200221274776 0.000423326785823 0.550000041543
0.200124303216 0.000195741752483 0.550000050414
0.199930687808 -0.000484363955555 0.550000000892
0.199845154929 -0.00165745697775 0.550000041209
0.200016902201 -0.00345613672808 0.550000000871
0.200557411685 -0.00611178037981 0.550000041676
0.2016486147 -0.00997205179958 0.550000000833
0.203578156598 -0.0155274708042 0.550000018598
0.206790027971 -0.0233169723819 0.550181613993
0.211948251426 -0.0340881746701 0.55
0.220057418726 -0.0490354829977 0.55
0.232725140481 -0.069972750943 0.556255230253
0.244214668399 -0.090685760629 0.562427259841
0.249098888994 -0.104746811511 0.560695026303
0.250221274776 -0.113556379425 0.556377309582
0.250221274776 -0.118063642767 0.552502650797
0.250219725908 -0.119502956852 0.550464392366
0.250221274776 -0.119576673214 0.55
0.250221118749 -0.119537714188 0.550000015754
0.250221274776 -0.119576672967 0.550000003583
0.250221266939 -0.119576673214 0.550000014588
0.250221274776 -0.119576673214 0.550000004887
0.250221240097 -0.119549881418 0.550000009654
0.250221274776 -0.119576673214 0.550000010234
0.25021891548 -0.119522265139 0.55
0.250221274776 -0.118427041624 0.550535811527
0.250217295667 -0.115012002903 0.552730133689
0.250221274776 -0.108164507395 0.556753625039
0.249765883058 -0.0969485716484 0.561027372855
0.247178785257 -0.080737135005 0.562486194845
0.240491437397 -0.0588128578714 0.556176061132
0.236374832824 -0.0382831826243 0.55
0.237678587429 -0.0248702020372 0.55
0.239475728779 -0.0158203675181 0.550156796851
0.241280271979 -0.00967225847531 0.550000011471
0.242857677366 -0.0055712003469 0.550000002617
0.244126534026 -0.00294441488782 0.550000020274
0.24507067041 -0.00130495759367 0.550000002679
0.245707757837 -0.000331545444103 0.550000020289
0.246067502965 0.000177606879521 0.550000002701
0.246182038483 0.000335016142197 0.550000050666
