0.108 0.0 0.63
0.107557541084 0.000206129450878 0.622205713472
0.106490224035 0.000828798297087 0.60378106579
0.105179449277 0.00192040462531 0.583188163461
0.103775031927 0.00362611288145 0.566024449862
0.102265002367 0.00619502087277 0.555118031962
0.100509688816 0.0099910341171 0.550608522641
0.0982535993436 0.0154601237287 0.55
0.0951155863942 0.0230991541709 0.550278382332
0.0905375849235 0.0336567293307 0.55
0.0836699040522 0.0482932935107 0.55
0.0731277233737 0.0687404734821 0.555940665904
0.063488529088 0.0890592166254 0.561681657757
0.0591525334188 0.103123906511 0.559833173305
0.058 0.112318633607 0.555650854609
0.058 0.117484522684 0.552093718128
0.0580204161036 0.119568870253 0.550342731569
0.058 0.12 0.55
0.058 0.12 0.550000011528
0.058 0.119999993943 0.55
0.058 0.12 0.55
0.058 0.119989026299 0.550000001728
0.058 0.12 0.55
0.058000025746 0.119850772622 0.550007170901
0.058 0.118768816602 0.55
0.058 0.115746266808 0.55009973525
0.0587289626761 0.110220543202 0.551393954459
0.0617973253442 0.10197932864 0.554742545147
0.0688764898561 0.0905947257359 0.559085663466
0.0814936118688 0.0752100239343 0.561224551138
0.101269636128 0.0546555939106 0.555764980363
0.120673305409 0.0352400594386 0.55
0.13290454683 0.0224332822836 0.55
0.140556296245 0.0138809640741 0.550160582422
0.145270947789 0.00814704506119 0.550000000501
0.148112385204 0.00436023454674 0.55
0.14978698272 0.00195745171137 0.550000005526
0.150745051791 0.000485735188475 0.55
0.151268464298 -0.000372764303258 0.55000000564
0.151525189199 -0.000816002368559 0.55
0.151602039167 -0.000952199775058 0.55000002193
