0.151602039167 -0.000952199775058 0.55000002193
0.151452787262 -0.00111948060166 0.550000012274
0.15103959411 -0.0016564181965 0.550000005047
0.150395190496 -0.00265936094999 0.550000012193
0.149485437532 -0.00428422060387 0.550000005047
0.148215640363 -0.00676315213048 0.55000001211
0.146426678825 -0.0104173575899 0.550000005047
0.143887014329 -0.0155678351852 0.55000000753
0.140327953333 -0.02270761039 0.550129985499
0.135434927308 -0.0326324388899 0.55
0.128647085904 -0.0463953468454 0.55
0.118970117295 -0.0655753507442 0.555242278039
0.109858575923 -0.0845336342142 0.560145422563
0.10470868206 -0.0976476519368 0.5580387572
0.102303946528 -0.106635236317 0.554026490224
0.101602072098 -0.112727648896 0.551050503511
0.101602039167 -0.116702315103 0.550000033476
0.101628055768 -0.119096521896 0.55
0.101602063652 -0.120398651863 0.550020706694
0.101602045184 -0.120952064333 0.550000001936
0.101602060663 -0.120910315327 0.550000011742
0.101602051233 -0.120309231664 0.550000009948
0.101602050818 -0.11908312766 0.550000002511
0.101602039167 -0.117077055032 0.55002362304
0.10182977084 -0.114121463762 0.55
0.10289795689 -0.110055680874 0.550000030829
0.105575854965 -0.10457399983 0.551074094185
0.11063656197 -0.0971092444726 0.55408218689
0.118944618536 -0.0868357060892 0.558109328999
0.131526425706 -0.0726821391911 0.560204176677
0.149587894424 -0.0533654534506 0.555277537309
0.167071995646 -0.0349225214324 0.55
0.178611310473 -0.0226922190455 0.55
0.186320174785 -0.0144805402436 0.550142656892
0.191485023608 -0.00895096971366 0.550000008933
0.194979303714 -0.00519282809519 0.550000003851
0.197310900718 -0.00269210839546 0.550000015409
0.19877366486 -0.00113259350203 0.550000003858
0.199635950953 -0.000208291632952 0.550000015633
0.200083634325 0.000274313433885 0.550000003858
0.200221274776 0.000423326785823 0.550000041543
