0.0 0.0 0.0
-0.00193937313143 -0.00455156445567 1.77492442688e-07
-0.00193293612481 -0.00904974952071 -1.16690654147e-06
0.000221945700569 -0.0144112825725 1.97186899415e-06
0.00321271986371 -0.0215616432084 -2.77778458088e-06
0.00759699931545 -0.0315501577891 3.59255893866e-06
0.0142264568386 -0.0456539851901 -4.40812872951e-06
0.0243635631478 -0.0654527983361 4.76217213035e-06
0.0398729513851 -0.0903357684364 0.00362693269571
0.063289729629 -0.125085623748 -0.00725851146422
0.0988910632429 -0.173857045137 0.00725754546946
0.154459778696 -0.244883721017 0.117839964114
0.0753369989541 -0.16938240736 0.00560944937864
0.022354291154 -0.111846079746 -0.0402481667314
9.77127700777e-05 -0.0643540986795 -0.0461050797532
-9.76684719696e-05 -0.0258007742947 -0.0313917627021
6.64695359928e-05 -0.00299518882451 -0.00938274708928
-3.51253477778e-05 0.00151201906987 7.66197937359e-05
3.16417391831e-05 -0.000726044878329 -7.58241517578e-05
-2.78527485969e-05 -5.9487020949e-05 7.41757869144e-05
2.5279053537e-05 5.39476766543e-05 -6.70050756422e-05
-2.27875323016e-05 -4.86107170751e-05 6.01022477138e-05
2.15803959516e-05 0.000578149856814 -5.8821617366e-05
-2.06051372736e-05 -0.00110756317688 5.83825551436e-05
-2.67190879612e-05 0.00218911085551 -5.83817738233e-05
7.4015206343e-05 0.0197088380194 0.0107706096808
-0.000153667029701 0.0485821074744 0.0331082317255
0.000233319523758 0.0883580922342 0.0473581171253
-0.00933999224483 0.135954024466 0.0381181200774
-0.0423968728679 0.188266652468 -0.00893443438704
-0.0913447961968 0.250212197981 -0.117256537417
0.00900687455285 0.160386525623 -0.00627121008584
0.0170676281585 0.107876925694 0.00627024549769
0.0188750547965 0.0731225344573 -0.00313343464911
0.0172159551453 0.0498416946153 -2.54835941033e-06
0.0143324074651 0.0321810289741 2.37079120349e-06
0.0110450687303 0.0203559140894 -2.01713581771e-06
0.00783807398342 0.0124342570004 1.66470415279e-06
0.00490415756656 0.00703487488372 -1.31193592145e-06
0.00229128756959 0.0031489785466 9.59606167401e-07
0.0 0.0 0.0
