0.0 0.0 0.0
0.21450809105 0.0198501131132 -1.04103893947e-06
0.274335125933 0.023506465033 8.7262251772e-07
0.256139269309 0.0219777732166 -7.31593210648e-07
0.208109256279 0.017602232917 5.90154340368e-07
0.153886759893 0.0138623548931 -4.24054149264e-08
0.104913357547 0.013145582785 -4.99950456824e-07
0.0663193236519 0.0175131549457 1.24188605941e-06
0.0407826961013 0.0291927463953 -1.98678826097e-06
0.0312639056217 0.0510733482569 0.000556814043625
0.0423961748419 0.0868208589334 -0.00111157081426
0.0843696185092 0.14084489538 0.0011114587622
0.0229774157327 0.0998139680285 -0.00111124940075
7.29331230118e-05 0.0641961476266 0.00111094406026
-7.293468651e-05 0.0360354290794 -0.00111051863444
7.29032286451e-05 0.0186833157594 0.00110979122697
-7.28379049778e-05 0.00900001527599 -0.00110847341606
7.27118353059e-05 0.00336107873617 0.00110619416463
-7.24250111855e-05 0.000781117302543 -0.0011013334271
7.19485532006e-05 -0.000792597811928 0.00109356488359
-7.11303249161e-05 -0.00136063743776 -0.00108041789078
7.06506178625e-05 -0.00237215199427 0.0010724383623
-7.02743597237e-05 -0.00358505847469 -0.00106572147706
7.0065374713e-05 -0.00646558038488 0.00106153782693
-7.00019393495e-05 -0.0110625018454 -0.00105889905263
7.00182998889e-05 -0.0193986760706 0.00105744750181
-0.000214158098758 -0.0322627100585 -0.00105651524754
0.000358275811165 -0.0532217417715 0.00105595973477
-0.000358156165715 -0.0835877952913 -0.00105559712086
-0.0238543010812 -0.118345123302 0.00105539314359
-0.0719194845087 -0.159152099012 -0.0010551783902
-0.00545200657019 -0.107453781332 0.00105504309515
0.0117935059718 -0.0577819467184 -0.000537307798452
0.0179016990406 -0.0277581763702 1.9609195156e-05
0.0182948450102 -0.0107280991627 -1.85046356281e-05
0.0163086803633 -0.00191231930331 1.73946325555e-05
0.0135785553266 0.0019532790982 -1.60043945144e-05
0.0108025485551 0.00301742501996 1.45713895868e-05
0.00800233693169 0.00260333379302 -1.30886041319e-05
0.00473138065812 0.00149095441436 1.16980961576e-05
0.0 0.0 0.0
