0.0 0.0 0.0
-0.00884897918058 0.00412249625635 -0.155882222412
-0.0124966851679 0.00833010016064 -0.212600210429
-0.0137186085649 0.0135011739746 -0.199260035199
-0.0143696525975 0.0206120536148 -0.144021519725
-0.0158307843841 0.0307650346364 -0.0741142165607
-0.0192751793507 0.0451539465875 -0.0160811472304
-0.0258460609307 0.0642262517603 0.00390887502428
-0.0369132771033 0.0885523327572 0.00165910753587
-0.054645390322 0.122596555533 -0.00722623373311
-0.0827062261302 0.170131338452 0.00722522210887
-0.128134550771 0.238807972559 0.111581722726
-0.0646535771491 0.167571650712 0.00324535402947
-0.0220693991908 0.113726019992 -0.0402119172939
-0.000984826467308 0.070175515743 -0.043433939146
0.000984308355333 0.0331517233188 -0.027712806375
-0.00057518713283 0.00854489920636 -0.00731494202032
0.000165859272696 8.73532063966e-05 0.000451458557782
-0.000162779353506 -8.57528604639e-05 -0.000442674740033
0.00015972137968 8.38811292176e-05 0.000433972189121
-0.000156670552915 -8.20292556015e-05 -0.000425546155292
0.000153580056125 -0.000136979091998 0.000417007191081
-0.00015117239018 0.000352581625656 -0.000410370790184
0.000151319757757 -0.00333061222645 0.000552129877884
-0.000151807669548 -0.0182986071075 -0.000694854078206
0.000151675654374 -0.0421424266058 0.00268828110426
0.0144250959714 -0.0683671553886 0.0231922795839
0.0469372963645 -0.0964529364339 0.0437764563951
0.0946408207668 -0.131235349662 0.0430859848577
0.157696157651 -0.176454769444 -0.000304472918435
0.237820233102 -0.234630858164 -0.108881394161
0.150257882175 -0.153684203603 -0.0064238848883
0.0943706316427 -0.102454717764 0.00642300971442
0.0586670031476 -0.0685941563402 -0.00321048164596
0.035627943663 -0.0460860957747 -1.42342664487e-06
0.0212020629294 -0.0296515477343 1.32573817228e-06
0.0122907872045 -0.0184052445877 -1.12751277284e-06
0.0068712892866 -0.0110300318209 9.28956526149e-07
0.00359751208775 -0.00614078132569 -7.2803216558e-07
0.00153747386509 -0.00272478920072 5.26735963447e-07
0.0 0.0 0.0
