1.89405932808 2.37705663516 0.55
1.8984196295 2.37722254457 0.55
1.90844285035 2.37774236804 0.55
1.91939690691 2.37869716865 0.55
1.92881915373 2.38024725583 0.55
1.93556288641 2.38265935254 0.55
1.93926713305 2.38633499491 0.55
1.9400997718 2.39185880585 0.55
1.93871332679 2.40006088618 0.55
1.93632954332 2.41212851184 0.551019957142
1.93543732851 2.42952933773 0.55
1.93975493813 2.45452323076 0.55
1.94405932808 2.47837814203 0.551031408413
1.94405932808 2.49151802414 0.55
1.9438833961 2.4963354782 0.55
1.94405932808 2.49705663516 0.55
1.94405932808 2.49704132482 0.55
1.94405932808 2.49705663516 0.55
1.94405932808 2.49705663516 0.55
1.94405932808 2.49705663516 0.55
1.94405932808 2.49705663516 0.55
1.94405932808 2.49705663516 0.55
1.94405932808 2.49705663516 0.55
1.94405932808 2.49705663516 0.55
1.94405932808 2.49697162254 0.55
1.94405932808 2.49705663516 0.55
1.94405932808 2.49705663516 0.55
1.94388644866 2.49482384161 0.55
1.94405932808 2.48711606064 0.55
1.94394062628 2.47141558052 0.551138937539
1.94003580983 2.44688477615 0.55
1.93859206408 2.42427885042 0.55
1.94210800212 2.41098197052 0.551126515912
1.94385980558 2.402838859 0.55
1.94405932808 2.39812376834 0.55
1.94404130004 2.39542869139 0.55
1.94405932808 2.39393384496 0.55
1.94405931491 2.39314561424 0.55
1.94405932808 2.39275215355 0.55
1.94405930806 2.39257396013 0.55
1.94405932808 2.39252496067 0.55
