1.94405932808 2.39252496067 0.55
1.95826614929 2.39025982355 0.55
1.98747917316 2.38589215512 0.55
2.01747917377 2.38189872348 0.55
2.04657502514 2.37825892036 0.55
2.07086819392 2.37508921385 0.55
2.08658130937 2.37242771212 0.55
2.09352094447 2.36968084867 0.55
2.09405932808 2.36557328803 0.55
2.09142204145 2.3582777544 0.550267466862
2.08839228377 2.345470652 0.55
2.09056197247 2.32382566461 0.55
2.09405932808 2.30101044403 0.550167384764
2.09405932808 2.28646312455 0.55
2.09405048475 2.27846598834 0.55
2.09405932808 2.27450908621 0.55
2.09405932808 2.27291787703 0.55
2.09405932808 2.27252496067 0.55
2.09405932808 2.27252496067 0.55
2.09405932808 2.27254167312 0.55
2.09405932808 2.27253852404 0.55
2.09405932808 2.27252496067 0.55
2.09405932808 2.27252496067 0.55
2.09405932808 2.27275022051 0.55
2.09405932808 2.27359738346 0.55
2.09405932808 2.27558883007 0.55
2.09405932808 2.27943050438 0.55
2.09398663949 2.28609930166 0.55
2.09405932808 2.29715680433 0.55
2.09405932808 2.31452430938 0.550110956353
2.09028955046 2.33886747323 0.55
2.08905389456 2.36048379763 0.55
2.09269271693 2.37231838227 0.550197251812
2.09405932808 2.37826737672 0.55
2.09405932808 2.38079913274 0.55
2.09402633447 2.38149961898 0.55
2.09405932808 2.38133521628 0.55
2.09405932808 2.38086545748 0.55
2.09405932808 2.38039995444 0.55
2.09405932808 2.38008263546 0.55
2.09405932808 2.37997553857 0.55
