1.25063429503 1.9809061119 0.55
1.25031479108 1.98097152348 0.55
1.24958463882 1.98130619711 0.55
1.24879245893 1.98217315803 0.55
1.24809921992 1.98381752319 0.55
1.24754989466 1.98650734233 0.55
1.2471024887 1.9905552333 0.55
1.24662972094 1.99632479665 0.55
1.24588641281 2.00440036309 0.55
1.24445137365 2.01566226623 0.550560736424
1.24162251858 2.03112800555 0.55
1.23625082824 2.05227321438 0.55
1.23169519418 2.07282009644 0.550542302717
1.23063429503 2.08638607282 0.55
1.23063429503 2.09455235325 0.55
1.23063445464 2.0988084688 0.55
1.23063429503 2.10052770382 0.55
1.23063429503 2.1009061119 0.55
1.23063429503 2.1009061119 0.55
1.23063429503 2.10090594884 0.55
1.23063429503 2.1009061119 0.55
1.23063429503 2.10089640837 0.55
1.23063429503 2.1009061119 0.55
1.23063429503 2.10077375397 0.55
1.23063429503 2.09985854288 0.55
1.23063429503 2.09732218736 0.55
1.23063429503 2.09238360117 0.55
1.231352218 2.08443594618 0.55
1.234619619 2.07303620657 0.55
1.24258757223 2.05740074203 0.550545273689
1.2571230547 2.03621314079 0.55
1.27188940601 2.01596391546 0.55
1.28105419529 2.0023960315 0.5505523721
1.28667699804 1.99325945772 0.55
1.29002092541 1.98715556608 0.55
1.29195341394 1.98305337915 0.55
1.29302932811 1.98036696225 0.55
1.29360195674 1.97870159407 0.55
1.29388979754 1.97771994734 0.55
1.29402047049 1.97721069013 0.55
1.29405732808 1.97705663516 0.55
