1.235118 1.97752 0.62
1.23275766113 1.97736388021 0.604999669625
1.22773383577 1.9768681817 0.575267899792
1.22312148448 1.97593516664 0.555279960301
1.21996188536 1.97437582033 0.55
1.21820466876 1.97192259153 0.55
1.21778995753 1.9681902642 0.55
1.21864832285 1.9626069032 0.55
1.22041005584 1.95436493197 0.55
1.22229882732 1.94231807383 0.550869202927
1.22265992375 1.92519018453 0.55
1.21879599636 1.9008573985 0.55
1.215118 1.87739041752 0.550880911804
1.215118 1.86392094885 0.55
1.21527623892 1.85854008557 0.55
1.215118 1.85752 0.55
1.215118 1.85752 0.55
1.215118 1.85752 0.55
1.215118 1.85752 0.55
1.215118 1.85752 0.55
1.215118 1.85752 0.55
1.215118 1.85752 0.55
1.215118 1.85752 0.55
1.215118 1.85756098263 0.55
1.215118 1.85752 0.55
1.215118 1.85752 0.55
1.215118 1.85910646862 0.55
1.215118 1.86489614213 0.55
1.21630863258 1.87674829356 0.55
1.22243842247 1.89527750689 0.550909427914
1.23748117632 1.92099991314 0.55
1.25208624166 1.94491505004 0.55
1.25797816403 1.95986525193 0.550905571736
1.25922705505 1.96912515072 0.55
1.25826925184 1.97458334861 0.55
1.2564431425 1.97768881351 0.55
1.25450016228 1.97937760408 0.55
1.25282503171 1.98024918311 0.55
1.25159451519 1.98067028263 0.55
1.25086794215 1.98085462134 0.55
1.25063429503 1.9809061119 0.55
