-1 -0.5 -1 0.5 1.5708 0 0
-1 -0.5 -1.25 0.5 1.5708 7 1.16279
-1 -0.5 -0.75 0.5 1.5708 9 1.16279
-0.75 -0.5 -0.75 0.5 1.5708 4 1.16279
-0.25 -0.366025 -0.75 0.5 2.0944 2 1.16279
0.116025 -1.03628e-09 -0.75 0.5 2.61799 2 1.16279
0.116025 -1.03628e-09 -0.883975 7.58613e-10 3.14159 0 1.16279
0.116025 0.5 -0.883975 7.58613e-10 3.14159 8 1.16279
0.116025 0.5 -0.883975 0.5 3.14159 9 1.16279
0.116025 1 -0.883975 0.5 3.14159 8 1.16279
0.116025 1 -0.883975 1 3.14159 9 1.16279
0.216025 1 -0.883975 1 3.14159 10 1.16279
0.216025 1 -0.783975 1 3.14159 12 1.16279
0.216025 1.5 -0.783975 1 3.14159 8 1.16279
0.216025 1.5 -0.783975 1.25 3.14159 6 1.16279
0.216025 1.5 -0.783975 1.75 3.14159 9 1.16279
0.216025 1.5 -0.783975 2 3.14159 6 1.16279
0.216025 1.5 -0.683975 2 3.14159 12 1.16279
0.316025 1.5 -0.683975 2 3.14159 10 1.16279
0.316025 2 -0.683975 2 3.14159 8 1.16279
0.316025 2.5 -0.683975 2 3.14159 8 1.16279
0.316025 2.5 -0.683975 2.25 3.14159 6 1.16279
0.316025 2.75 -0.683975 2.25 3.14159 4 1.16279
0.316025 2.75 -0.683975 2.5 3.14159 6 1.16279
0.316025 2.75 -0.683975 3 3.14159 9 1.16279
0.316025 3 -0.683975 3 3.14159 4 1.16279
0.316025 3.5 -0.683975 3 3.14159 8 1.16279
0.316025 3.5 -0.683975 3.5 3.14159 9 1.16279
0.316025 3.75 -0.683975 3.5 3.14159 4 1.16279
0.316025 3.75 -0.683975 3.75 3.14159 6 1.16279
0.316025 3.75 -0.55 4.25 2.61799 1 1.16279
0.316025 3.75 -0.3 4.68301 2.61799 9 1.16279
0.441025 3.96651 -0.3 4.68301 2.61799 4 1.16279
0.566025 4.18301 -0.3 4.68301 2.61799 4 1.16279
0.566025 4.18301 0.0660254 5.04904 2.0944 1 1.16279
0.566025 4.18301 0.499038 5.29904 2.0944 9 1.16279
0.782532 4.30801 0.499038 5.29904 2.0944 4 1.16279
0.782532 4.30801 0.715544 5.42404 2.0944 6 1.16279
1.21554 4.55801 0.715544 5.42404 2.0944 8 1.16279
1.26554 4.47141 0.715544 5.42404 2.0944 10 1.16279
1.26554 4.47141 0.765544 5.33744 2.0944 12 1.16279
1.26554 4.47141 1.26554 5.47141 1.5708 1 1.16279
1.26554 4.47141 1.51554 5.47141 1.5708 6 1.16279
1.51554 4.47141 1.51554 5.47141 1.5708 4 1.16279
1.51554 4.47141 1.76554 5.47141 1.5708 6 1.16279
1.51554 4.47141 2.01554 5.47141 1.5708 6 1.16279
1.76554 4.47141 2.01554 5.47141 1.5708 4 1.16279
1.76554 4.47141 2.26554 5.47141 1.5708 6 1.16279
2.01554 4.47141 2.26554 5.47141 1.5708 4 1.16279
2.26554 4.47141 2.26554 5.47141 1.5708 4 1.16279
2.76554 4.47141 2.26554 5.47141 1.5708 8 1.16279
2.76554 4.47141 2.76554 5.47141 1.5708 9 1.16279
2.76554 4.47141 3.26554 5.33744 1.0472 1 1.16279
2.76554 4.47141 3.63157 4.97141 0.523599 1 1.16279
2.76554 4.47141 3.75657 4.7549 0.523599 6 1.16279
2.76554 4.47141 3.88157 4.5384 0.523599 6 1.16279
3.01554 4.0384 3.88157 4.5384 0.523599 8 1.16279
3.01554 4.0384 4.01554 4.0384 1.7949e-09 1 1.16279
3.01554 4.0384 3.88157 3.5384 -0.523599 1 1.16279
2.76554 3.60538 3.88157 3.5384 -0.523599 8 1.16279
2.76554 3.60538 3.63157 3.10538 -0.523599 9 1.16279
2.76554 3.60538 3.38157 2.67237 -0.523599 9 1.16279
2.51554 3.17237 3.38157 2.67237 -0.523599 8 1.16279
2.51554 3.17237 3.13157 2.23936 -0.523599 9 1.16279
2.26554 2.73936 3.13157 2.23936 -0.523599 8 1.16279
2.14054 2.52285 3.13157 2.23936 -0.523599 4 1.16279
2.14054 2.52285 2.88157 1.80635 -0.523599 9 1.16279
2.14054 2.52285 3.00657 2.02285 -0.523599 7 1.16279
2.00657 2.02285 3.00657 2.02285 1.7949e-09 2 1.16279
2.00657 2.02285 3.00657 1.77285 1.7949e-09 6 1.16279
2.00657 2.02285 3.00657 1.52285 1.7949e-09 6 1.16279
2.00657 1.52285 3.00657 1.52285 1.7949e-09 8 1.16279
2.00657 1.52285 3.00657 1.02285 1.7949e-09 9 1.16279
2.00657 1.02285 3.00657 1.02285 1.7949e-09 8 1.16279
2.00657 1.02285 3.00657 0.772853 1.7949e-09 6 1.16279
2.00657 1.02285 3.00657 0.522853 1.7949e-09 6 1.16279
2.00657 0.772853 3.00657 0.522853 1.7949e-09 4 1.16279
2.00657 0.522853 3.00657 0.522853 1.7949e-09 4 1.16279
2.00657 0.522853 3.00657 0.022853 1.7949e-09 9 1.16279
2.00657 0.272853 3.00657 0.022853 1.7949e-09 4 1.16279
2.00657 0.022853 3.00657 0.022853 1.7949e-09 4 1.16279
