-0.35 -0.35 -0.35 0.35 0.35 -0.35 0.35 0.35 0 0
-0.2 -0.35 -0.2 0.35 0.5 -0.35 0.5 0.35 2 3
-0.1 -0.35 -0.1 0.35 0.6 -0.35 0.6 0.35 2 2
-0.1 -0.4 -0.1 0.3 0.6 -0.4 0.6 0.3 4 1
-0.1 -0.6 -0.1 0.1 0.6 -0.6 0.6 0.1 4 4
-0.1 -0.65 -0.1 0.05 0.6 -0.65 0.6 0.05 4 1
-0.1 -0.8 -0.1 -0.1 0.6 -0.8 0.6 -0.1 4 3
-0.1 -0.85 -0.1 -0.15 0.6 -0.85 0.6 -0.15 4 1
-0.1 -1.05 -0.1 -0.35 0.6 -1.05 0.6 -0.35 4 4
-0.1 -1.2 -0.1 -0.5 0.6 -1.2 0.6 -0.5 4 3
-0.1 -1.3 -0.1 -0.6 0.6 -1.3 0.6 -0.6 4 2
0.1 -1.3 0.1 -0.6 0.8 -1.3 0.8 -0.6 2 4
0.2 -1.3 0.2 -0.6 0.9 -1.3 0.9 -0.6 2 2
0.25 -1.3 0.25 -0.6 0.95 -1.3 0.95 -0.6 2 1
0.3 -1.3 0.3 -0.6 1 -1.3 1 -0.6 2 1
0.45 -1.3 0.45 -0.6 1.15 -1.3 1.15 -0.6 2 3
0.65 -1.3 0.65 -0.6 1.35 -1.3 1.35 -0.6 2 4
0.8 -1.3 0.8 -0.6 1.5 -1.3 1.5 -0.6 2 3
1.02189 -1.42811 0.671891 -0.821891 1.62811 -1.07811 1.27811 -0.471891 1 3
1.1951 -1.32811 0.845096 -0.721891 1.80131 -0.978109 1.45131 -0.371891 2 4
1.2701 -1.45801 0.920096 -0.851795 1.87631 -1.10801 1.52631 -0.501795 4 3
1.3201 -1.54462 0.970096 -0.938397 1.92631 -1.19462 1.57631 -0.588397 4 2
1.23902 -1.51511 0.999606 -0.857321 1.8968 -1.27569 1.65739 -0.617907 0 1
1.25612 -1.56209 1.01671 -0.904306 1.91391 -1.32268 1.67449 -0.664892 4 1
1.05985 -1.3974 1.1814 -0.708031 1.74921 -1.51895 1.87077 -0.829585 0 3
1.20757 -1.42344 1.32912 -0.734079 1.89693 -1.545 2.01849 -0.855632 2 3
1.22493 -1.32496 1.34649 -0.635598 1.9143 -1.44652 2.03585 -0.757152 5 2
1.32341 -1.34233 1.44497 -0.652963 2.01278 -1.46388 2.13433 -0.774516 2 2
1.35814 -1.14537 1.4797 -0.456001 2.04751 -1.26692 2.16906 -0.577555 5 4
1.315 -1.07065 1.55442 -0.412861 1.97279 -1.31006 2.2122 -0.652275 0 1
1.4136 -1.21146 1.4136 -0.511461 2.1136 -1.21146 2.1136 -0.511461 1 2
1.4136 -1.06146 1.4136 -0.361461 2.1136 -1.06146 2.1136 -0.361461 5 3
1.5136 -1.06146 1.5136 -0.361461 2.2136 -1.06146 2.2136 -0.361461 2 2
1.7136 -1.06146 1.7136 -0.361461 2.2136 -1.06146 2.4136 -0.361461 9 1
1.7136 -1.06146 1.7136 -0.361461 2.4136 -1.06146 2.4136 -0.361461 8 1
1.7136 -0.911461 1.7136 -0.211461 2.4136 -0.911461 2.4136 -0.211461 5 3
1.7136 -0.811461 1.7136 -0.111461 2.4136 -0.811461 2.4136 -0.111461 5 2
1.8136 -0.811461 1.8136 -0.111461 2.5136 -0.811461 2.5136 -0.111461 2 2
1.8136 -0.611461 1.8136 0.0885393 2.5136 -0.611461 2.5136 0.0885393 5 4
2.0136 -0.611461 2.0136 0.0885393 2.7136 -0.611461 2.7136 0.0885393 2 4
2.0136 -0.511461 2.0136 0.188539 2.7136 -0.511461 2.7136 0.188539 5 2
2.0136 -0.461461 2.0136 0.238539 2.7136 -0.461461 2.7136 0.238539 5 1
2.2136 -0.461461 2.2136 0.238539 2.9136 -0.461461 2.9136 0.238539 2 4
2.4136 -0.461461 2.2136 0.238539 2.9136 -0.461461 2.9136 0.238539 6 1
2.4136 -0.461461 2.4136 0.238539 3.1136 -0.461461 3.1136 0.238539 7 1
2.4136 -0.361461 2.4136 0.338539 3.1136 -0.361461 3.1136 0.338539 5 2
2.4636 -0.361461 2.4636 0.338539 3.1636 -0.361461 3.1636 0.338539 2 1
2.5136 -0.361461 2.5136 0.338539 3.2136 -0.361461 3.2136 0.338539 2 1
