1.20473581309 -0.402137990728 0.55000095895
1.20443344743 -0.402225104039 0.550000019353
1.20366589291 -0.402594220185 0.550000004188
1.20262915721 -0.403436018432 0.550000014084
1.20137505793 -0.404934382619 0.550000004468
1.19985176545 -0.407328223755 0.55000001329
1.19792179415 -0.410913802103 0.550000004702
1.19536363157 -0.416013802685 0.550000007798
1.19185051012 -0.423150383786 0.550130622565
1.18700286745 -0.433123444132 0.55
1.18032377032 -0.44698541304 0.55
1.17088145322 -0.466320854812 0.555264514645
1.16209546332 -0.485465956892 0.560191497986
1.15731201286 -0.498761211213 0.558086630537
1.15525197516 -0.5078974503 0.554064635159
1.15473581309 -0.514052457545 0.551068711192
1.15473581309 -0.517995717891 0.550000039577
1.15474550221 -0.520338732095 0.55
1.15473581544 -0.521603972352 0.550023645823
1.15473582498 -0.52213794812 0.550000002033
1.15473581738 -0.522115143827 0.550000011858
1.15473582244 -0.521557984492 0.5500000095
1.1547583146 -0.520389209489 0.550000002611
1.15473581309 -0.518411104772 0.550026014928
1.15473681216 -0.515384851502 0.55
1.15539918834 -0.511160930127 0.550000030458
1.15762961796 -0.505490591093 0.551083828452
1.16227762432 -0.497837645451 0.554106431682
1.1702366857 -0.487391704335 0.558144909988
1.18253649942 -0.473085927138 0.560239240432
1.20037492075 -0.453635398733 0.555292798416
1.21768500653 -0.435091412938 0.55
1.22909272909 -0.422797873018 0.55
1.23670639734 -0.414546047743 0.550142820023
1.24180872317 -0.408991365194 0.550000009
1.24525505197 -0.40521856494 0.55000000382
1.24752938742 -0.402709358673 0.55000001567
1.24893766306 -0.401144671873 0.55000000383
1.24976555993 -0.400217478446 0.550000015784
1.25019425361 -0.399733827685 0.550000003834
1.25032502105 -0.399585567384 0.550000044324
