1.75032502105 -0.199585567384 0.550000044324
1.75022895678 -0.199812657434 0.550000051348
1.75002384419 -0.200491887838 0.550000000896
1.74991718191 -0.201664031958 0.550000041247
1.75007409265 -0.203461473763 0.550000000875
1.75060553761 -0.206116239322 0.550000041704
1.75169261427 -0.209975746784 0.550000000837
1.75362239675 -0.215530307782 0.55000001857
1.75683818026 -0.223318299599 0.550181602948
1.76200392979 -0.234088145063 0.55
1.77012320633 -0.249033427943 0.55
1.78280221881 -0.269966887955 0.556251883181
1.7943027544 -0.290675464876 0.562417707421
1.79919730926 -0.304735185637 0.560682549091
1.80032502105 -0.313547325162 0.556365558456
1.80032502105 -0.318061094651 0.552495175329
1.80032307305 -0.319507484531 0.550461606734
1.80032502105 -0.319585567384 0.55
1.8003248951 -0.319547661822 0.550000015698
1.80032502105 -0.319585567302 0.550000003684
1.80032502105 -0.319585567384 0.550000014105
1.80032502105 -0.319585567384 0.550000005086
1.800324997 -0.319558939471 0.550000009373
1.80032502105 -0.319585567384 0.550000010461
1.80032246746 -0.319526008769 0.55
1.80032502105 -0.318423185518 0.550534343489
1.80032232677 -0.314999980789 0.552724582545
1.80032502105 -0.308146767214 0.556743970582
1.79986185624 -0.296929695102 0.561016625136
1.79726204393 -0.280720678455 0.562477504942
1.79056115254 -0.258801307947 0.556172156801
1.78643166126 -0.238276330395 0.55
1.78772275212 -0.224865825588 0.55
1.78950940905 -0.215817659201 0.550156596074
1.79130560708 -0.209670692284 0.550000011456
1.79287664001 -0.205570434351 0.550000002623
1.79414076753 -0.20294424345 0.550000020242
1.79508150335 -0.20130528 0.550000002686
1.79571623496 -0.200332347302 0.550000020261
1.79607445164 -0.199823720973 0.550000002707
1.79618814535 -0.199666956244 0.55000005068
