1.79618814535 -0.199666956244 0.55000005068
1.81118889318 -0.199164357912 0.55
1.84118889398 -0.198449348948 0.55
1.87118889476 -0.198051353758 0.55
1.90118889507 -0.197542304466 0.55
1.92687868076 -0.196780895927 0.55
1.94181113406 -0.195737830694 0.55
1.94618814535 -0.193814512146 0.55
1.94618814535 -0.18959524554 0.55
1.9455871541 -0.181356996457 0.550718636362
1.94348930456 -0.167178946748 0.55
1.94408308623 -0.143932837212 0.55
1.94618814535 -0.119991658468 0.550696314839
1.94613300159 -0.10504410736 0.55
1.94618814535 -0.0966261998404 0.55
1.94618814535 -0.0920959145886 0.55
1.94618814535 -0.089868658651 0.55
1.94618814535 -0.0889327681927 0.55
1.94618814535 -0.0886752359478 0.55
1.94618814535 -0.0887457136129 0.55
1.94618814535 -0.088971888959 0.55
1.94618814535 -0.0893053281965 0.55
1.94618814535 -0.089798677745 0.55
1.94618814535 -0.0906059629488 0.55
1.94618814535 -0.0920061610892 0.55
1.94618814535 -0.0944468063518 0.55
1.94618814535 -0.0986107418743 0.55
1.94618814535 -0.105510922657 0.55
1.94618814535 -0.116602194108 0.55
1.94618814535 -0.133985780119 0.550611458678
1.94350868645 -0.159076649414 0.55
1.94322482386 -0.181737326549 0.55
1.94598162608 -0.194214465983 0.550631631721
1.94618814535 -0.200542553235 0.55
1.94611620333 -0.203268722834 0.55
1.94618814535 -0.204057303502 0.55
1.94618814535 -0.20392433819 0.55
1.94618814535 -0.203458410902 0.55
1.94618814535 -0.202981275721 0.55
1.94618814535 -0.202652131361 0.55
1.94618814535 -0.202537703119 0.55
