1.193 -0.4 0.62
1.19077334262 -0.399823147077 0.612552241693
1.1856337587 -0.399277223219 0.595224202018
1.17992586359 -0.398291793742 0.576473543906
1.17481086932 -0.396709980821 0.561620633774
1.1707395283 -0.394270803558 0.552979650812
1.1677254263 -0.390594329437 0.550000011031
1.16550467749 -0.385163314349 0.55
1.16362178062 -0.37727626005 0.550455646631
1.16137628318 -0.366115684826 0.55
1.15766203952 -0.350443056736 0.55
1.15065410435 -0.328100028819 0.558029941138
1.14453826085 -0.305909382657 0.566810285487
1.143 -0.291401852636 0.566411740127
1.143 -0.283453169422 0.561692377033
1.14301822531 -0.280483815683 0.556142802583
1.143 -0.28 0.552128463364
1.14300000584 -0.280004853832 0.550333689559
1.143 -0.28 0.55
1.143 -0.28 0.550000145812
1.143 -0.28 0.550000003526
1.143 -0.28 0.550000019267
1.143 -0.280003435773 0.550000009213
1.143 -0.28 0.550000000401
1.143 -0.28 0.550348250067
1.14302098684 -0.280899232476 0.552099062312
1.143 -0.284539978917 0.555659573104
1.14352413291 -0.292387179615 0.560179829856
1.1469179448 -0.304842969782 0.564304069522
1.15599775218 -0.322184903677 0.565194657188
1.17291479858 -0.345287001055 0.557373461533
1.18943269277 -0.366696699814 0.55
1.19834493909 -0.380298582022 0.55
1.20284755084 -0.38905995334 0.550221777507
1.20484770649 -0.394609246881 0.550000066717
1.20550522366 -0.397979248886 0.550000000457
1.20550939279 -0.399973390941 0.550000930596
1.20526246678 -0.401115886146 0.550000000894
1.20498829942 -0.40174044617 0.550000426892
1.20479965877 -0.40204676377 0.550000000645
1.20473581309 -0.402137990728 0.55000095895
