0.158508734978 -0.00339143380654 0.55
0.158189781338 -0.00345694752691 0.55
0.157461997705 -0.00378845728453 0.55
0.156670186161 -0.00465253790713 0.55
0.155976920161 -0.00629522627875 0.55
0.155427591204 -0.00898380444788 0.55
0.154980259629 -0.0130306300562 0.55
0.15450771838 -0.0187987621256 0.55
0.153764807405 -0.0268722375491 0.55
0.152329334748 -0.0381351992804 0.550559562532
0.149500745802 -0.0535990935775 0.55
0.14412965064 -0.0747414541848 0.55
0.139571516739 -0.0952903316727 0.550545177653
0.138508734978 -0.108859473972 0.55
0.138508734978 -0.117030249838 0.55
0.138508957327 -0.121288428506 0.55
0.138508734978 -0.123010203898 0.55
0.138508734978 -0.123391433807 0.55
0.138508734978 -0.123391433807 0.55
0.138508734978 -0.123391325509 0.55
0.138508734978 -0.123391433807 0.55
0.138508734978 -0.12338215184 0.55
0.138508734978 -0.123391433807 0.55
0.138508734978 -0.123260009767 0.55
0.138508734978 -0.122345307615 0.55
0.138508734978 -0.119808920049 0.55
0.138508734978 -0.114870461256 0.55
0.139226966837 -0.106921155454 0.55
0.142492552154 -0.0955224957554 0.55
0.150459665837 -0.0798876430061 0.550542929072
0.164993629061 -0.0587019995641 0.55
0.179762918648 -0.0384505842383 0.55
0.188929752015 -0.0248815136494 0.550553922468
0.19455489294 -0.015743167047 0.55
0.197901294828 -0.00963710356237 0.55
0.199834902123 -0.00553405352747 0.55
0.200911648752 -0.00284620568412 0.55
0.201484999675 -0.00117923705565 0.55
0.201773510507 -0.000195471408858 0.55
0.201904829961 0.000316613503999 0.55
0.201942528715 0.000474504604835 0.55
