0.143 0.0 0.62
0.140639588553 0.000156307404927 0.604999744802
0.135617703314 0.00065126460837 0.575267073347
0.13100526741 0.00158500458044 0.555280149726
0.127845690815 0.00314516349603 0.55
0.126086276944 0.00559740965903 0.55
0.125669740051 0.00932833968584 0.55
0.126526756069 0.0149094054628 0.55
0.1282879955 0.0231479202863 0.55
0.130177260159 0.0351926596838 0.550866834735
0.130539706237 0.0523187498592 0.55
0.126677763423 0.0766495821982 0.55
0.123 0.10011866363 0.550880869974
0.123 0.113591210157 0.55
0.123155672543 0.118974243975 0.55
0.123 0.12 0.55
0.123 0.12 0.55
0.123 0.12 0.55
0.123 0.12 0.55
0.123 0.12 0.55
0.123 0.12 0.55
0.123 0.12 0.55
0.123 0.12 0.55
0.123 0.119963015623 0.55
0.123 0.12 0.55
0.123 0.12 0.55
0.123 0.118413364547 0.55
0.123 0.112627099597 0.55
0.124185880619 0.100772731264 0.55
0.130313014744 0.0822430574877 0.550909195859
0.14535224254 0.0565231440835 0.55
0.159959484113 0.0326073590499 0.55
0.165853472626 0.0176574321555 0.550907635921
0.167104999431 0.00839673427649 0.55
0.166149425132 0.00293778595717 0.55
0.164325255962 -0.000170902310312 0.55
0.162382114478 -0.00186307499382 0.55
0.160705773492 -0.00273501429114 0.55
0.159473510082 -0.00315575012726 0.55
0.158744893476 -0.00333973457792 0.55
0.158508734978 -0.00339143380654 0.55
