0.246266762752 0.000231020338862 0.55
0.256986459342 0.0012312815852 0.550000039064
0.281416237861 0.00341684433131 0.55
0.307925810037 0.00571042466642 0.550000028278
0.331126552796 0.00770676648669 0.55
0.349218449416 0.00929407453146 0.550000226132
0.362154473694 0.0106553155779 0.55
0.370717675125 0.0121964047578 0.550000480775
0.376079408101 0.0145376253086 0.55
0.379689077119 0.0185546704421 0.550001079494
0.383392752397 0.0254521522125 0.55
0.389747305447 0.036833972534 0.55
0.395113950775 0.0488517805802 0.55
0.396266762752 0.0570405395786 0.55
0.396266762752 0.0620460771575 0.55
0.396266762752 0.0647778345287 0.55
0.396266762752 0.0661598637002 0.55
0.396266762752 0.0667765333982 0.55
0.396266762752 0.0669829352616 0.55
0.396266762752 0.066981986257 0.55
0.396266762752 0.0668742118648 0.55
0.396266762752 0.0666875633171 0.55
0.396266762752 0.0663898724762 0.55
0.396266762752 0.0658876841711 0.55
0.396266762752 0.0650119907568 0.55
0.396266762752 0.0634904348261 0.55
0.396259371446 0.060909839097 0.55
0.396266762752 0.0566398799197 0.55
0.396266762752 0.0498055929242 0.55
0.395055153298 0.0397201053128 0.55
0.390267046426 0.0258586558513 0.55
0.38638394298 0.0125295591465 0.55
0.386680985825 0.00426596380488 0.550000475927
0.388158581013 -1.18998891323e-05 0.55
0.389963533351 -0.0019370547294 0.550000312751
0.391694356598 -0.00256969500453 0.55
0.393194429786 -0.0025680090067 0.550000244683
0.394423306855 -0.00231956498818 0.55
0.395375963369 -0.00203842573996 0.550000206422
0.396024779544 -0.00183329791691 0.55
0.396266762752 -0.00175848515397 0.550000952448
