0.201942528715 0.000474504604835 0.55
0.201833341845 0.00022443017911 0.55
0.201576938631 -0.000517273943878 0.55
0.201298154418 -0.00178381135268 0.55
0.20122245226 -0.0037081634517 0.55
0.201608772818 -0.00652750562855 0.55
0.202654801548 -0.0105992886353 0.55
0.204646843856 -0.0163833222621 0.55
0.208030981133 -0.024429178204 0.55
0.213489244438 -0.0355719105009 0.550600024695
0.221991212298 -0.0508975695397 0.55
0.235058599249 -0.0719991028485 0.55
0.246595100515 -0.0925179975173 0.550588029868
0.251079711136 -0.106076909033 0.55
0.251942528715 -0.114289078745 0.55
0.251942528715 -0.118318022544 0.55
0.251942528715 -0.119520442954 0.55
0.251942528715 -0.119525495395 0.55
0.251942528715 -0.11948229715 0.55
0.251942528715 -0.119525495395 0.55
0.251942528715 -0.119525495395 0.55
0.251942528715 -0.119525495395 0.55
0.251942528715 -0.119497204735 0.55
0.251942528715 -0.119525495395 0.55
0.251942528715 -0.119494886049 0.55
0.251942528715 -0.118500871857 0.55
0.251898620064 -0.115356740619 0.55
0.251942528715 -0.108936599061 0.55
0.251739424711 -0.0981939065314 0.55
0.249340643116 -0.0823714105454 0.550585516236
0.24242449439 -0.0605725594463 0.55
0.237782596703 -0.0398389338584 0.55
0.238636105616 -0.0260201610355 0.550595009851
0.240138510626 -0.016605990345 0.55
0.241729499746 -0.0102237750939 0.55
0.243163717111 -0.0059545963691 0.55
0.244337083626 -0.00320990783216 0.55
0.245219430206 -0.00149228446156 0.55
0.245818760509 -0.000470116141922 0.55
0.246158445491 6.53644369642e-05 0.55
0.246266762752 0.000231020338862 0.55
