-2 -0.15 -1.5708 0 0
-2 -0.15 -2.0944 1 1
-1.85 -0.190192 -1.5708 2 1
-1.85 -0.190192 -2.0944 1 1
-1.7 -0.230385 -1.5708 2 1
-1.55 -0.190192 -1.0472 2 1
-1.55 -0.190192 -1.5708 1 1
-1.55 -0.190192 -2.0944 1 1
-1.4 -0.230385 -1.5708 2 1
-1.25 -0.190192 -1.0472 2 1
-1.25 -0.190192 -0.523599 0 1
-1.25 -0.190192 -2.22045e-16 0 1
-1.25 -0.190192 0.523599 0 1
-1.25 -0.190192 1.0472 0 1
-1.14019 -0.3 0.523599 3 1
-1.1 -0.45 -2.22045e-16 3 1
-1.14019 -0.6 -0.523599 3 1
-1.14019 -0.6 -2.22045e-16 0 1
-1.14019 -0.6 0.523599 0 1
-1.1 -0.75 -2.22045e-16 3 1
-1.1 -0.75 0.523599 0 1
-1.05981 -0.9 -2.22045e-16 3 1
-1.05981 -0.9 0.523599 0 1
-1.05981 -0.9 1.0472 0 1
-0.95 -1.00981 0.523599 3 1
-0.95 -1.00981 1.0472 0 1
-0.840192 -1.11962 0.523599 3 1
-0.840192 -1.11962 1.0472 0 1
-0.840192 -1.11962 1.5708 0 1
-0.690192 -1.15981 1.0472 3 1
-0.580385 -1.26962 0.523599 3 1
-0.580385 -1.26962 1.0472 0 1
-0.580385 -1.26962 1.5708 0 1
-0.430385 -1.30981 1.0472 3 1
-0.430385 -1.30981 1.5708 0 1
-0.280385 -1.35 1.0472 3 1
-0.280385 -1.35 0.523599 1 1
-0.240192 -1.5 -2.22045e-16 3 1
-0.240192 -1.5 -0.523599 1 1
-0.240192 -1.5 -1.0472 1 1
-0.240192 -1.5 -1.5708 1 1
-0.240192 -1.5 -2.0944 1 1
-0.0901924 -1.54019 -1.5708 2 1
-0.0901924 -1.54019 -2.0944 1 1
0.0598076 -1.58038 -1.5708 2 1
0.209808 -1.54019 -1.0472 2 1
0.209808 -1.54019 -1.5708 1 1
0.359808 -1.5 -1.0472 2 1
0.469615 -1.39019 -0.523599 2 1
0.469615 -1.39019 -2.22045e-16 0 1
0.429423 -1.54019 -0.523599 3 1
0.429423 -1.54019 -1.0472 1 1
0.53923 -1.43038 -0.523599 2 1
0.579423 -1.28038 -2.22045e-16 2 1
0.579423 -1.28038 -0.523599 1 1
0.619615 -1.13038 -2.22045e-16 2 1
0.619615 -1.13038 -0.523599 1 1
0.659808 -0.980385 -2.22045e-16 2 1
0.619615 -0.830385 0.523599 2 1
0.619615 -0.830385 -2.22045e-16 1 1
0.619615 -0.830385 -0.523599 1 1
0.659808 -0.680385 -2.22045e-16 2 1
0.659808 -0.680385 -0.523599 1 1
0.659808 -0.680385 -1.0472 1 1
0.659808 -0.680385 -1.5708 1 1
0.659808 -0.680385 -2.0944 1 1
0.809808 -0.720577 -1.5708 2 1
0.959808 -0.680385 -1.0472 2 1
0.959808 -0.680385 -1.5708 1 1
1.10981 -0.640192 -1.0472 2 1
1.21962 -0.530385 -0.523599 2 1
1.25981 -0.380385 -2.22045e-16 2 1
1.21962 -0.230385 0.523599 2 1
1.10981 -0.120577 1.0472 2 1
1.10981 -0.120577 1.5708 0 1
1.25981 -0.16077 1.0472 3 1
1.25981 -0.16077 1.5708 0 1
1.25981 -0.16077 2.0944 0 1
1.40981 -0.120577 1.5708 3 1
1.40981 -0.120577 2.0944 0 1
1.40981 -0.120577 2.61799 0 1
1.51962 -0.0107695 2.0944 3 1
1.66962 0.0294229 1.5708 3 1
1.81962 -0.0107695 1.0472 3 1
1.81962 -0.0107695 0.523599 1 1
1.85981 -0.16077 -2.22045e-16 3 1
1.85981 -0.16077 -0.523599 1 1
1.85981 -0.16077 -1.0472 1 1
1.85981 -0.16077 -1.5708 1 1
2.00981 -0.120577 -1.0472 2 1
2.00981 -0.120577 -1.5708 1 1
