0.182343481611 0.00170503958362 0.550000040623
0.18205160361 0.00139657912821 0.55
0.181404795341 0.000520796558102 0.55
0.180771933192 -0.000891385449896 0.55
0.180392093401 -0.00293697012986 0.55
0.180456871473 -0.00583221128433 0.55
0.181173632578 -0.00992019614889 0.55
0.182962803494 -0.0156884696646 0.55
0.186371386433 -0.0236688822168 0.55
0.19201817406 -0.0346316886734 0.55057324542
0.200774958649 -0.0496388012013 0.55
0.214034210584 -0.0702285323452 0.55
0.225932702641 -0.0902310802714 0.550559184675
0.231074549212 -0.103536933562 0.55
0.232343481611 -0.111876335696 0.55
0.232343481611 -0.116342032798 0.55
0.232324268837 -0.118004901257 0.55
0.232343481611 -0.118294960416 0.55
0.232343481611 -0.118294736137 0.55
0.232343481611 -0.118294960416 0.55
0.232343481611 -0.11829495953 0.55
0.232343481611 -0.118294960416 0.55
0.232343481611 -0.118294960416 0.55
0.232343481611 -0.118294960416 0.55
0.232343481611 -0.117961020797 0.55
0.232322759151 -0.116438494155 0.55
0.232343481611 -0.11268369456 0.55
0.232343481611 -0.105743349553 0.55
0.231261725459 -0.094926679843 0.55
0.227160467202 -0.0795277042196 0.550547336747
0.218245701956 -0.0584422456636 0.55
0.211003991567 -0.0383239988131 0.55
0.209071819664 -0.0248847970453 0.550557563431
0.208433802001 -0.0157836413194 0.55
0.208436555692 -0.00965114233942 0.55
0.208714453456 -0.00555067470353 0.55
0.209067596742 -0.00290553565633 0.55
0.209390961934 -0.00125842144999 0.55
0.209634610058 -0.000282572982999 0.55
0.20978009085 0.000226954297094 0.55
0.209827386157 0.000384315260894 0.55
