0.143 0.0 0.62
0.145027931036 0.000212808128903 0.60499975983
0.149431172955 0.000854741439689 0.575278721237
0.153726131738 0.00198899212876 0.555318703388
0.157076302025 0.00376918112619 0.55
0.15946053322 0.00641157066515 0.55
0.160788891658 0.0102270177753 0.55
0.160850156018 0.0155320283686 0.55
0.159405961198 0.0227992120969 0.55
0.156096906559 0.0328376981 0.550452682831
0.150434726753 0.0465846111643 0.55
0.141560715033 0.0653607248104 0.55
0.132938759794 0.0835914902374 0.550476216178
0.127875889107 0.0959115606684 0.55
0.125076859501 0.104217578402 0.55
0.123677056892 0.109889257708 0.55
0.12312338065 0.113810600524 0.55
0.123 0.116491040252 0.55
0.123 0.118173002868 0.55
0.12300005762 0.118990469719 0.55
0.123 0.119046138191 0.55
0.123 0.118389487274 0.55
0.123069237919 0.117032606188 0.55
0.123411940933 0.11497670961 0.55
0.124276723697 0.112125812115 0.55
0.125923663962 0.108256110372 0.55
0.128680243718 0.103089659218 0.55
0.133019273873 0.0961276527931 0.55
0.139643452388 0.0865471337069 0.55
0.149609919935 0.0732378066548 0.550464648354
0.164359296308 0.0548621697868 0.55
0.178329989327 0.0371684462909 0.55
0.186482618513 0.0253690623184 0.550479795405
0.190807706279 0.0175671679132 0.55
0.192587660588 0.0125211469242 0.55
0.193 0.00922539986033 0.55
0.193 0.00707969767059 0.55
0.192997223235 0.00574842866269 0.55
0.193 0.00496116961494 0.55
0.19299991919 0.0045513241784 0.55
0.192999995552 0.00442488317446 0.55
