0.192999995552 0.00442488317446 0.55
0.190775047792 0.00387557335789 0.550000015148
0.185800931854 0.00242725646691 0.550000003579
0.180655205538 0.000332602307789 0.550000015112
0.176598620289 -0.00240230149863 0.550000003651
0.174084355101 -0.00594867685427 0.550000015327
0.173000061309 -0.0106259932245 0.550000003806
0.17306453744 -0.0169380234304 0.55000001535
0.174136194378 -0.0256331429937 0.55000000251
0.17584150548 -0.0377341129408 0.550770764321
0.176887528913 -0.0542664320902 0.55
0.175054295567 -0.0768724510497 0.550000063414
0.173000000522 -0.0979924218349 0.550769631727
0.172999997424 -0.109743774431 0.550000007726
0.173051930154 -0.114533453302 0.550000005617
0.172999999303 -0.115575107193 0.550000010572
0.173000015859 -0.115575100901 0.550000006876
0.173000005346 -0.115574374533 0.550000009277
0.173000017918 -0.115575098399 0.550000006536
0.173000004685 -0.115574877158 0.550000009719
0.173000019516 -0.115575096589 0.550000006264
0.173000004249 -0.115574950814 0.550000010069
0.17300002019 -0.115575096348 0.550000006181
0.173000004959 -0.11555353229 0.550000009798
0.173000013451 -0.115575106902 0.550000006592
0.173000000762 -0.115575092854 0.550000011355
0.173042647641 -0.114435104691 0.550000005144
0.172999997031 -0.109977758375 0.550000013164
0.173000007964 -0.100130225245 0.550000005139
0.1752664875 -0.0836659654818 0.55076424501
0.183276027786 -0.0598787721061 0.550000042691
0.191174733701 -0.0371871797987 0.55
0.193289164618 -0.0224206583276 0.550764232083
0.192494081831 -0.0128218419487 0.550000002667
0.190509086554 -0.00680028517612 0.550000015266
0.188231633925 -0.003083611358 0.55000000383
0.186138941194 -0.000838560465144 0.550000015292
0.184453901039 0.000480317901684 0.550000003839
0.183259917569 0.00122064485369 0.550000015306
0.182566749195 0.00159229826346 0.550000003843
0.182343481611 0.00170503958362 0.550000040623
