0.209827386157 0.000384315260894 0.55
0.214546085885 0.000263599625536 0.550000018354
0.225269017198 -6.33430220118e-05 0.55
0.237013943786 -0.000446170541718 0.550000014632
0.247648941642 -0.000702349861003 0.55
0.256522479464 -0.000716767880679 0.550000021475
0.263769680198 -0.000349485466224 0.55
0.269938582256 0.000649379890342 0.55000002162
0.275817159191 0.00268345778342 0.55
0.282383474721 0.00635574956628 0.550000019505
0.290826772332 0.0125133367775 0.55
0.302600712081 0.0222713330963 0.55
0.313798910447 0.0318085738665 0.55
0.320710274256 0.0375466332746 0.55
0.324952473178 0.0409140491167 0.55
0.327534724133 0.0428297045066 0.55
0.329083060169 0.0438751911148 0.55
0.32998256263 0.0444112569298 0.55
0.330465789 0.0446549969128 0.55
0.330667353802 0.0447300208829 0.55
0.330657011372 0.0446979401783 0.55
0.330457952173 0.0445758857215 0.55
0.330055842611 0.0443438251609 0.55
0.329400607281 0.043943145934 0.55
0.328401331349 0.0432666492091 0.55
0.326914987577 0.042140038053 0.55
0.324726735859 0.0402932931639 0.55
0.321519436113 0.0373207340417 0.55
0.316827122975 0.0326278141697 0.55
0.309964775689 0.0253642375253 0.55
0.299924500026 0.0143466354216 0.55
0.291020851743 0.00321351743582 0.55
0.286453888595 -0.00371247631909 0.550000000609
0.284021216564 -0.00724055834377 0.55
0.282931690913 -0.00881543266715 0.550000001609
0.282704018543 -0.00939398534968 0.55
0.283049489024 -0.00948944722067 0.550000002159
0.283776128942 -0.0094018663383 0.55
0.284707575245 -0.00929214438125 0.550000002036
0.285592724034 -0.009228618344 0.55
0.285983928303 -0.00921228511209 0.550000069894
