0.0 0.0 0.0
-0.00298254517352 0.00334477089631 -1.92815295089e-07
-0.00527487943996 0.0073904563399 5.05687888912e-08
-0.00760527957517 0.0126624155564 8.7311145702e-08
-0.010581676904 0.0198267087439 -2.24992640144e-07
-0.0148067527807 0.029742380512 3.61728691489e-07
-0.0209660140864 0.0433317841406 -4.99234446129e-07
-0.0298220861614 0.059667875756 5.45654775887e-07
-0.0413539227421 0.0831184693889 0.00260019169
-0.0565004965304 0.115367687317 -0.00519841978464
-0.0792516824444 0.159879523764 0.00519538609589
-0.114285225207 0.223710713129 0.099642667053
-0.0679505658202 0.155455006158 -0.00157250626135
-0.0350527724769 0.106825290728 -0.0405560833873
-0.0130489499119 0.072928850779 -0.0396874111255
-0.000993691006041 0.0489226624035 -0.0198366275675
0.00099212987438 0.0305749604496 -0.00118062052423
-0.000470579915144 0.0173132893421 0.00117860842431
-4.99323367168e-05 0.0087335565195 -0.000761950549122
4.94547830861e-05 0.002340320133 0.00034578388396
-4.90237209463e-05 -0.00316759146261 -0.000344742255173
4.8720316116e-05 -0.00884419400211 0.00034389059118
-4.86337659843e-05 -0.0156665340022 -0.000343354054973
4.82815366726e-05 -0.0244432707916 0.000814302158744
0.00450532738314 -0.034660245587 -0.00128526936866
0.0168549902984 -0.0466459629437 0.00128448948401
0.0367014095016 -0.0629801253314 0.0201923620796
0.0645091218645 -0.0863063820634 0.0399654763115
0.101648357685 -0.119156442309 0.0405779021671
0.149984512373 -0.163908031491 0.00132400583555
0.211244377474 -0.222422164509 -0.0998515731845
0.138447089992 -0.146443757689 -0.00570798920849
0.0923489885415 -0.0981706977344 0.00570506338915
0.0618382620653 -0.0660720446394 -0.00285060478649
0.0414687780833 -0.0445290835315 -1.87347988894e-06
0.0284267641274 -0.0306436672588 1.76212843426e-06
0.0182146721262 -0.0193803864342 -1.51938079856e-06
0.0110493336769 -0.0118188225172 1.27345381005e-06
0.00620372649655 -0.00667479381318 -1.01941052212e-06
0.00275522169951 -0.00298281395453 7.64785331568e-07
0.0 0.0 0.0
