0.0 0.0 0.0
-0.00193366375642 -0.00374665436706 2.02665648475e-07
-0.00191026660451 -0.0079919729133 -1.21885915736e-06
0.000247000452336 -0.0134009347734 2.03288614876e-06
0.00324054785679 -0.020752604886 -2.84802902815e-06
0.00762785147458 -0.0310152682664 3.67318976486e-06
0.0142598029536 -0.0454237470486 -4.49902350759e-06
0.0243972001627 -0.064750599954 4.85253110916e-06
0.0399016479432 -0.08997021718 0.00362243227931
0.0633028033181 -0.125004453415 -0.00724959683718
0.0988693694394 -0.174027959073 0.0072486206622
0.154367808857 -0.245289320918 0.117708999597
0.0752695449661 -0.17001764883 0.00561458183938
0.0223165609063 -0.112719830734 -0.0401777351857
9.44046437475e-05 -0.0654352594445 -0.0460368731338
-9.43614591215e-05 -0.026991559456 -0.0313674674184
6.49118634728e-05 -0.0040448734082 -0.00941233421351
-3.53391614498e-05 0.00113317529916 7.3131323582e-05
3.1705020552e-05 -0.000536268315537 -7.22274579999e-05
-2.76276842506e-05 -6.02599918719e-05 7.01435554468e-05
2.49633987822e-05 5.47035617425e-05 -6.33232750275e-05
-2.24186820453e-05 -4.93555696079e-05 5.67772098979e-05
2.10576647419e-05 0.000386280300556 -5.50785561443e-05
-2.00168494248e-05 -0.000723053829766 5.44403787175e-05
-2.50139086211e-05 0.00327016518529 -5.44835409123e-05
7.00168762876e-05 0.020965738731 0.0107575275629
-0.000160636907115 0.0497547099526 0.0330660207732
0.000251252883497 0.0893567780635 0.0472995694164
-0.00929097518937 0.136762241948 0.0380778573059
-0.0423270009189 0.188899083827 -0.008912214153
-0.0912612618138 0.250702053782 -0.117129081229
0.00899433132656 0.160800469355 -0.0062691391211
0.0170419713049 0.108211923098 0.00626817265534
0.0188460390001 0.073385966121 -0.00313240085672
0.0171891754887 0.0500422560273 -2.54281622109e-06
0.0143100117727 0.032328890596 2.36577743591e-06
0.0110277415105 0.0204605123042 -2.01303927266e-06
0.00782573067387 0.0125041840182 1.66152994296e-06
0.00489641486543 0.00707691556257 -1.3096495699e-06
0.00228767224735 0.00316818379137 9.58204817284e-07
0.0 0.0 0.0
