-2 -0.25 -1.5708 0 0
-1.75 0.683013 1.0472 2 2.83626
-1.75 0.683013 -1.0472 1 2.26901
-1.56699 0.866025 -0.523599 2 0.567251
-1.56699 0.866025 0.523599 0 1.1345
-1.56699 0.866025 -2.61799 1 3.40351
-1.56699 0.866025 -2.0944 0 0.567251
-0.816987 1.29904 2.22045e-16 2 2.26901
-0.816987 1.29904 2.61799 0 2.83626
-0.133975 1.48205 1.0472 3 1.70175
-0.133975 1.48205 -1.5708 1 2.83626
0.116025 1.54904 -1.0472 2 0.567251
0.116025 1.54904 -1.5708 1 0.567251
0.116025 1.54904 -3.14159 1 1.70175
1.04904 1.79904 0.523599 2 3.97076
1.04904 1.79904 2.22045e-16 1 0.567251
1.04904 1.79904 3.14159 0 3.40351
1.54904 1.29904 -1.5708 3 5.10526
1.54904 1.29904 1.5708 0 3.40351
1.11603 0.549038 -2.61799 3 4.53801
1.11603 0.549038 -1.0472 0 1.70175
1.11603 0.549038 3.14159 0 4.53801
2.04904 0.299038 -0.523599 3 3.97076
1.86603 0.116025 -1.0472 3 0.567251
1.86603 0.116025 -2.0944 1 1.1345
2.11603 0.0490381 -1.5708 2 0.567251
