-0.35 -0.35 -0.35 0.35 0.35 -0.35 0.35 0.35 0 0
-0.3 -0.35 -0.3 0.35 0.4 -0.35 0.4 0.35 2 1
-0.35546 -0.283906 -0.233906 0.40546 0.333906 -0.40546 0.45546 0.283906 0 1
-0.338095 -0.185425 -0.216541 0.50394 0.351271 -0.306979 0.472824 0.382387 5 2
-0.329412 -0.136185 -0.207859 0.553181 0.359953 -0.257738 0.481507 0.431627 5 1
-0.312048 -0.0377039 -0.190494 0.651662 0.377318 -0.159258 0.498872 0.530108 5 2
-0.294683 0.0607769 -0.173129 0.750142 0.394683 -0.0607769 0.516236 0.628589 5 2
-0.259953 0.257738 -0.138399 0.947104 0.429412 0.136185 0.550966 0.82555 5 4
-0.251271 0.306979 -0.129717 0.996344 0.438095 0.185425 0.559648 0.874791 5 1
-0.216541 0.50394 -0.0949873 1.19331 0.472824 0.382387 0.594378 1.07175 5 4
-0.199176 0.602421 -0.0776225 1.29179 0.490189 0.480867 0.611743 1.17023 5 2
-0.164447 0.799383 -0.0428929 1.48875 0.524919 0.677829 0.646473 1.36719 5 4
-0.147082 0.897863 -0.025528 1.58723 0.542284 0.77631 0.663837 1.46568 5 2
0.0498798 0.863134 0.171434 1.5525 0.739245 0.74158 0.860799 1.43095 2 4
0.148361 0.845769 0.269914 1.53513 0.837726 0.724215 0.95928 1.41358 2 2
0.197601 0.837087 0.319155 1.52645 0.886966 0.715533 1.00852 1.4049 2 1
0.109969 1.16413 0.6462 1.61408 0.559921 0.627901 1.09615 1.07785 0 4
0.124952 1.2491 0.731169 1.5991 0.474952 0.642884 1.08117 0.992884 0 1
0.199952 1.1192 0.806169 1.4692 0.549952 0.51298 1.15617 0.86298 2 3
0.286554 1.1692 0.892772 1.5192 0.636554 0.56298 1.24277 0.91298 5 2
0.361554 1.03929 0.967772 1.38929 0.711554 0.433076 1.31777 0.783076 2 3
0.448157 1.08929 1.05437 1.43929 0.798157 0.483076 1.40437 0.833076 5 2
0.621362 1.18929 1.22758 1.53929 0.971362 0.583076 1.57758 0.933076 5 4
0.696362 1.05939 1.30258 1.40939 1.04636 0.453172 1.65258 0.803172 2 3
0.796362 0.886185 1.40258 1.23618 1.14636 0.279967 1.75258 0.629967 2 4
0.882964 0.936185 1.48918 1.28618 1.23296 0.329967 1.83918 0.679967 5 2
0.957964 0.806281 1.56418 1.15628 1.30796 0.200063 1.91418 0.550063 2 3
1.13117 0.906281 1.73739 1.25628 1.48117 0.300063 2.08739 0.650063 5 4
1.18117 0.819678 1.78739 1.16968 1.53117 0.213461 2.13739 0.563461 2 2
1.20617 0.776377 1.81239 1.12638 1.55617 0.170159 2.16239 0.520159 2 1
1.23117 0.733076 1.83739 1.08308 1.58117 0.126858 2.18739 0.476858 2 1
1.26068 0.395782 1.50009 1.05357 1.91846 0.156368 2.15788 0.814152 1 4
1.40163 0.344479 1.64105 1.00226 2.05942 0.105065 2.29883 0.762849 2 3
1.36743 0.250509 1.60684 0.908294 2.02522 0.0110953 2.26463 0.66888 4 2
1.46603 0.109695 1.46603 0.809695 2.16603 0.109695 2.16603 0.809695 1 2
1.61603 0.109695 1.61603 0.809695 2.31603 0.109695 2.31603 0.809695 2 3
1.61603 -0.0403052 1.61603 0.659695 2.31603 -0.0403052 2.31603 0.659695 4 3
1.61603 -0.0903052 1.61603 0.609695 2.31603 -0.0903052 2.31603 0.609695 4 1
1.66603 -0.0903052 1.66603 0.609695 2.36603 -0.0903052 2.36603 0.609695 2 1
1.66603 -0.140305 1.66603 0.559695 2.36603 -0.140305 2.36603 0.559695 4 1
1.66603 -0.340305 1.66603 0.359695 2.36603 -0.340305 2.36603 0.359695 4 4
