2.0066 -0.7114605 0.62
2.00437334319 -0.711637333231 0.612552315607
1.99923375296 -0.712183203253 0.595224423967
1.99352586417 -0.713168565323 0.576474022231
1.98841086027 -0.714750254227 0.561621186335
1.98433949858 -0.717189261676 0.552980057494
1.98132537904 -0.720865532439 0.550000011014
1.97910480181 -0.726296962172 0.55
1.97722191415 -0.73418486615 0.550455701121
1.97497626301 -0.745345851803 0.55
1.97126160149 -0.76101931357 0.55
1.96425356891 -0.783362474289 0.558029422952
1.95813795663 -0.805552997742 0.566808592874
1.9566 -0.820060152669 0.566408902398
1.9566 -0.828007933116 0.561688748599
1.95661816892 -0.830976178208 0.556139688921
1.9566 -0.8314605 0.552126220157
1.9566 -0.831456067766 0.550332219933
1.9566 -0.8314605 0.55
1.9566 -0.8314605 0.550000076727
1.9566 -0.8314605 0.550000003559
1.9566 -0.8314605 0.550000017347
1.9566 -0.831456353673 0.550000009433
1.9566 -0.8314605 0.550000000372
1.9566 -0.8314605 0.550350044013
1.95662099214 -0.830561140295 0.552102299819
1.9566 -0.826919404143 0.555663812104
1.95712442651 -0.819071502208 0.56018398157
1.96051889197 -0.806615488553 0.564307415224
1.96959939496 -0.789273315645 0.565196445337
1.98651668277 -0.766171190522 0.55737377681
2.00303427578 -0.744761829002 0.55
2.0119456603 -0.731160827526 0.55
2.01644770932 -0.722400038764 0.550221442621
2.01844745908 -0.716851318672 0.550000064653
2.01910466326 -0.713481898864 0.550000000413
2.01910893946 -0.711487563634 0.550000898799
2.01886209856 -0.710344968343 0.550000000876
2.01858808852 -0.709720792625 0.550000410076
2.01839981165 -0.70941495067 0.550000000641
2.01833644625 -0.709324325548 0.550000902566
