0.0 0.0 0.0
0.214501653846 -0.0198517541172 -1.07051293703e-06
0.274328535057 -0.023508703425 9.20555834373e-07
0.256143522765 -0.0219801855634 -7.93585282937e-07
0.208123353543 -0.0176043175593 6.67031337632e-07
0.15390719699 -0.013863486385 -2.49857996747e-07
0.104937959741 -0.0131452803 -1.4757709285e-07
0.0663429394113 -0.017511282538 7.08276519649e-07
0.040803307643 -0.0291892790772 -1.28291854794e-06
0.0312832112584 -0.0510681048308 0.000569846708665
0.0424048703048 -0.0868121364229 -0.00113808786169
0.0843809500031 -0.14083352069 0.00113760991597
0.0229871939452 -0.0998121285634 -0.00113691925403
7.45876672871e-05 -0.0641960267964 0.00113606039621
-7.45440430486e-05 -0.0360413826731 -0.00113494270905
7.44403718633e-05 -0.0186846226362 0.00113310864455
-7.42479439954e-05 -0.00900560051866 -0.00112984256249
7.39094464134e-05 -0.00336255709308 0.0011243100646
-7.3417650406e-05 -0.000785295479593 -0.00111631788036
7.26559262375e-05 0.000791162227155 0.00110419795479
-7.12705980842e-05 0.00135806434252 -0.0010824182162
7.02509686222e-05 0.00236913944164 0.00106624389249
-6.93808143366e-05 0.00358367538683 -0.0010520711937
6.89980677267e-05 0.00646106792955 0.00104528362685
-6.86921157693e-05 0.0110609727741 -0.00103905164119
6.85710475385e-05 0.0193926923902 0.00103559357283
-0.000213998173701 0.0322600107794 -0.00103399418
0.000359267153163 0.0532156461782 0.00103262393405
-0.000358946406944 0.083583150599 -0.0010316920835
-0.0238580881944 0.11833352226 0.00103113219589
-0.0719212539091 0.159144729887 -0.00103048859723
-0.00546625446187 0.107453378816 0.00103001338356
0.011788119511 0.0577833123163 -0.000524011865526
0.0178988219894 0.0277608204627 1.81527860815e-05
0.0182974331729 0.0107312873897 -1.71475115587e-05
0.0163162142834 0.00191558676604 1.61079830043e-05
0.0135916567408 -0.00195013038009 -1.48330584936e-05
0.010819651575 -0.00301450652111 1.33752379243e-05
0.00802149904023 -0.00260043458572 -1.15743889015e-05
0.00474539188406 -0.00148726900778 1.02583759493e-05
0.0 0.0 0.0
