0.177416854327 0.000581722548505 0.55
0.177318533923 0.000326903821284 0.55
0.177099093932 -0.000425151654839 0.55
0.176889242541 -0.0017012923981 0.55
0.176838737449 -0.00363017338871 0.55
0.177211018507 -0.00644528843838 0.55
0.178276773911 -0.0104999657902 0.55
0.180303647218 -0.0162440021987 0.55
0.18371457355 -0.0242190559203 0.55
0.189160375114 -0.0352522059399 0.550585438083
0.197563170328 -0.0504149295846 0.55
0.210381745536 -0.0712711758443 0.55
0.221777743947 -0.0915728636967 0.550572513845
0.226418426416 -0.105081233633 0.55
0.227416854327 -0.113440027528 0.55
0.227416854327 -0.117751284364 0.55
0.227416854327 -0.119234727713 0.55
0.227416854327 -0.119418277451 0.55
0.227416854327 -0.119398554977 0.55
0.227416854327 -0.119418277451 0.55
0.227416854327 -0.119418273425 0.55
0.227416854327 -0.119418277451 0.55
0.227416854327 -0.119418137513 0.55
0.227416854327 -0.119418277451 0.55
0.227416854327 -0.119165182123 0.55
0.227416854327 -0.117797310048 0.55
0.227416854327 -0.114216612014 0.55
0.227416854327 -0.107397768207 0.55
0.226629087405 -0.0965082866657 0.55
0.223089969538 -0.0808383285692 0.550565528714
0.214784559664 -0.0593785960229 0.55
0.208173044666 -0.0389415193317 0.55
0.206860475636 -0.0253028807616 0.550575493621
0.206746157563 -0.0160557987719 0.55
0.207164260424 -0.00981774350846 0.55
0.207760185042 -0.0056530348558 0.55
0.208347581928 -0.00297547397956 0.55
0.208835063849 -0.00130728754218 0.55
0.209185156399 -0.000318487769495 0.55
0.209389365707 0.000197981848585 0.55
0.209455173722 0.0003575155102 0.55
