0.143 0.0 0.62
0.140639574122 0.000156347960889 0.604999744817
0.13561765029 0.000651417481807 0.575267083512
0.131005156171 0.00158533185715 0.555280172297
0.127845501438 0.00314572866414 0.55
0.126085994035 0.00559827940789 0.55
0.125669350512 0.00932958526875 0.55
0.126526252759 0.0149111033918 0.55
0.128287386328 0.0231501411852 0.55
0.130176577678 0.0351954444153 0.550866656007
0.130539068527 0.0523220832919 0.55
0.126677374186 0.0766532770927 0.55
0.123 0.100122536124 0.550880200992
0.123 0.113594653139 0.55
0.123154709169 0.118976129588 0.55
0.123 0.12 0.55
0.123 0.12 0.55
0.123 0.12 0.55
0.123 0.12 0.55
0.123 0.12 0.55
0.123 0.12 0.55
0.123 0.12 0.55
0.123 0.12 0.55
0.123 0.119978949965 0.55
0.123 0.12 0.55
0.123 0.12 0.55
0.123087355364 0.118685311796 0.55
0.123 0.113359463314 0.55
0.123290820156 0.101764233836 0.55
0.127521549882 0.0832278562274 0.550895674794
0.139764016877 0.0573880317832 0.55
0.151690325745 0.0333119374628 0.55
0.155831267588 0.0182519652744 0.550894513064
0.155955834483 0.00893511193302 0.55
0.154306767773 0.00340751595727 0.55
0.152071468854 0.000229119187128 0.55
0.149895749644 -0.00152590942344 0.55
0.148095051369 -0.00244905053998 0.55
0.146800904599 -0.00290683518084 0.55
0.146044954636 -0.00311282634432 0.55
0.145801198085 -0.00317173940229 0.55
