0.209455173722 0.0003575155102 0.55
0.219096441928 0.0010583651324 0.550000020086
0.241122544449 0.00257261727991 0.55
0.265155229281 0.00416359279694 0.550000013451
0.286412525285 0.00558477292953 0.55
0.303340219527 0.00677452747468 0.550000080922
0.315953819924 0.00790444681958 0.55
0.325011331364 0.00933468199232 0.550000119525
0.331604706265 0.0116167679075 0.55
0.337024238807 0.0155293669153 0.550000127635
0.342794277864 0.022134269746 0.55
0.350829616099 0.0328214974622 0.55
0.357501928345 0.0439689512146 0.55
0.359455159891 0.0517706716912 0.55
0.359455173722 0.0569121048842 0.55
0.359388296778 0.0597848162583 0.55
0.359455173722 0.0612047157019 0.55
0.359455173722 0.0618722016221 0.55
0.359455173722 0.0621107464583 0.55
0.359455173722 0.0621268831775 0.55
0.359455173722 0.0620239922402 0.55
0.359455173722 0.0618315386957 0.55
0.359455173722 0.0615181982071 0.55
0.359455173722 0.060991290722 0.55
0.359455173722 0.0600829730753 0.55
0.359455173722 0.0585241803318 0.55
0.359455173722 0.0559054156253 0.55
0.359455173722 0.0516246669706 0.55
0.358988418201 0.0450774259382 0.55
0.356593200693 0.0358560962873 0.55
0.350448079016 0.0232784814304 0.55
0.34487046976 0.011174804547 0.55
0.343237686802 0.00372791521231 0.550000010581
0.343261133856 -0.000118349159894 0.55
0.344144874907 -0.00184024437115 0.550000011443
0.345474576757 -0.00239613431699 0.55
0.347048379469 -0.00238064823218 0.55000001124
0.34875343294 -0.00214292708459 0.55
0.350458711955 -0.00187489901429 0.550000009284
0.351896744555 -0.00167317692555 0.55
0.352502735308 -0.00159659916067 0.550000533267
