0.145801198085 -0.00317173940229 0.55
0.145504694041 -0.00323895458323 0.55
0.144836132657 -0.0035770673916 0.55
0.144127469777 -0.00445348415075 0.55
0.143533839146 -0.00611148456588 0.55
0.143096241052 -0.00881650337278 0.55
0.142767713908 -0.0129021170861 0.55
0.14241247968 -0.0187368920913 0.55
0.141768708595 -0.0268968646293 0.55
0.140379781919 -0.0382851208109 0.550579041774
0.137474330214 -0.0539357009408 0.55
0.131777426407 -0.0753678172515 0.55
0.126918084711 -0.0961972647703 0.55056622791
0.125801198085 -0.10984587489 0.55
0.125801198085 -0.117843055284 0.55
0.125801216381 -0.121733089938 0.55
0.125801198085 -0.123034598375 0.55
0.125801198085 -0.123171739402 0.55
0.125801198085 -0.123155645495 0.55
0.125801198085 -0.123171739402 0.55
0.125801198085 -0.123171739402 0.55
0.125801198085 -0.123164554979 0.55
0.125801198085 -0.123171739402 0.55
0.125801198085 -0.123171739402 0.55
0.125801198085 -0.122645641645 0.55
0.125858053632 -0.120671872952 0.55
0.125801198085 -0.116217150776 0.55
0.125894738599 -0.108409846602 0.55
0.127936961194 -0.0968147328365 0.55
0.134366730365 -0.0808159331557 0.550560851068
0.147170200509 -0.0592095978764 0.55
0.160261251743 -0.0386255749631 0.55
0.168025561117 -0.0248657995569 0.55057156562
0.172535297564 -0.0156124209618 0.55
0.175038708789 -0.00943211491906 0.55
0.176355935072 -0.00531948328798 0.55
0.176997533569 -0.00267038178291 0.55
0.177276709577 -0.00103406168809 0.55
0.177379765319 -7.18116362034e-05 0.55
0.177410599471 0.000427839623628 0.55
0.177416854327 0.000581722548505 0.55
